8594
1721
2096
5771
9285
4606
7725
7100
5906
1392
8014
2408
8212
9714
7183
9876
5692
5702
2595
4457
6233
6888
7546
4598
7911
9566
7452
6170
3792
613
6386
6186
4009
570
3379
9873
5780
28
8762
1528
6335
6553
8959
3820
2819
1712
1508
5589
4158
5531
9222
3004
3432
3450
6254
6295
6522
9885
7351
7383
9857
1396
2562
1097
4606
6148
488
4628
5986
2005
4920
7829
2721
6534
3664
4209
3593
2946
9375
8214
5810
9035
3704
3948
8102
1055
6589
8328
6711
2291
6922
9580
924
1564
5854
332
9506
7378
8505
3900
1081
7710
6439
1523
4440
9020
1227
6057
2730
9281
3817
4675
9851
3222
1590
5487
1521
6190
1679
6493
2050
3117
4822
8906
3292
7339
5030
7194
3493
8222
2718
7382
3661
4492
9827
2379
7621
9942
9650
6052
6432
5999
5351
9959
6575
5369
1907
8711
7364
1368
1774
4986
1312
1055
8729
4235
181
8799
5713
3449
9514
5910
3769
1723
2514
6794
8640
858
9656
5947
9084
3259
5507
3953
7902
8927
8075
9085
5054
3319
7207
8150
790
3939
5387
3375
9547
260
4564
2809
1388
1384
9756
3878
5623
8637
4985
9637
1390
6174
3306
8272
6974
3959
1797
1701
6282
6184
7626
9437
7643
3213
2344
8944
2723
3984
4770
1974
6793
5309
3711
1142
8413
8256
1511
6038
7754
1343
3534
8374
802
4150
7301
6244
734
4790
3914
9184
8438
7241
4353
4181
3174
8573
2138
4536
2759
1813
3079
8042
5640
2071
7540
1703
7561
9585
3923
1296
7674
8328
7904
7435
4636
131
7477
6995
2862
7252
2738
3847
8471
7648
301
1654
8520
6739
3497
6067
8410
2320
84
9646
8424
5277
4684
3285
5957
223
6905
4345
182
5967
3075
8816
2296
3448
2185
9775
2713
7465
9185
9537
8604
1852
4424
4163
6556
2104
2238
235
7288
3687
3020
1077
5794
5697
6493
9879
5447
5615
9673
8122
7336
9110
6685
433
9228
988
1168
7825
3755
2609
6220
8649
9569
5747
9275
3189
9382
6121
4372
8840
9057
8739
1397
1510
6384
6876
8465
1040
6518
8735
1181
2096
2146
3104
4851
4845
3602
2825
1788
3318
4460
9935
1384
2538
6672
684
4099
2893
6863
9899
857
7922
2233
7307
8018
229
576
3991
2010
3866
5815
907
408
7355
8313
471
5353
1617
467
6892
7700
6264
2968
4779
3995
9540
5144
6236
8120
7956
7087
1793
6182
3900
1083
361
4522
646
7693
5803
9287
5781
9272
7330
7793
2647
9540
3340
3391
1887
2736
8764
8292
7240
1112
8754
1086
8720
243
9858
4602
3132
6865
7787
3831
3713
6197
3690
2415
4351
3896
8610
2756
6115
9898
4464
4464
3144
8362
9588
4321
2522
6317
4673
1167
8288
2422
6963
9499
5161
2649
3767
3477
8510
8716
6814
9382
2083
3680
7467
6694
3306
1498
4565
8086
6942
8212
5886
4296
3901
4021
6680
1815
1733
5029
6097
9204
1469
5389
6316
3463
7038
4856
6776
5375
3867
6897
6255
7167
534
6455
6639
1724
985
7116
5101
7287
8963
7354
3148
5074
9079
1122
8600
9458
9810
231
4994
8146
8083
4100
140
5432
8839
5716
5035
2515
7256
9886
102
3739
8926
2713
5759
7610
885
5725
3153
2982
2597
8273
5640
3336
5958
9767
2888
3594
9188
6829
6174
4657
2095
9867
9403
7208
3296
2877
3642
7163
3522
2348
9755
4848
3839
3194
5635
9024
5209
5690
9254
9736
692
9047
5494
9714
869
9770
4597
2139
8776
7073
9508
4196
9618
2553
6211
5697
241
1323
1117
3754
6240
3293
412
898
2466
1257
8660
1739
9387
55
6403
6084
8795
9585
3259
9455
3313
5460
2067
8586
4946
9789
8694
2402
3013
7058
9159
1409
349
9394
2501
7009
5058
1284
241
307
6974
4754
2630
1015
4802
520
9512
2973
3989
5184
4214
2808
5466
1651
6757
6522
2359
6354
5010
9148
8341
6277
4099
2664
6495
6198
8343
4702
1640
285
4511
5737
9919
2839
3565
9773
5649
6291
3992
7977
5051
4379
180
6338
1316
550
6448
8047
7820
3453
1781
6143
9252
6187
9435
1832
3864
2546
675
5661
2356
2673
7747
8966
567
5187
712
2657
9396
3966
4142
1957
3778
395
9561
57
9759
6635
4726
9222
9703
4856
7162
344
8545
1902
7959
7581
5473
4751
8563
8029
3837
6349
5929
2973
1394
4358
5142
1063
1982
8214
6694
5310
2380
9472
1654
6224
6867
7215
2327
4640
592
7393
7319
8045
8399
670
6643
1926
7805
3687
682
7581
8660
8578
6411
9812
3307
2730
5619
5219
1036
2911
4835
7156
875
9174
8001
8770
590
9756
7560
2082
4307
7141
9942
3502
1724
5864
7442
15
3524
6005
424
8586
3297
5607
7404
2869
920
4225
501
6608
6173
4443
5751
1032
5998
9796
389
9768
315
287
7533
938
3522
6267
3579
9266
6322
6341
8487
9553
4594
1244
871
6508
2964
6103
5297
1667
2873
4934
5729
393
3573
6203
4541
6892
2263
8820
7809
9340
4220
1249
9739
8993
5292
7212
25
71
9074
1161
607
5045
8058
2424
7097
4104
8212
1705
8165
5898
3795
5742
2003
3029
243
4763
1157
287
2144
7605
6268
4798
7614
4194
6826
9017
1220
8439
729
933
8175
6506
5803
4343
4758
7169
6294
9642
5433
3006
6814
7372
5823
8985
4506
8033
212
3643
2448
3966
7675
1861
6795
831
4455
1208
8473
5959
356
6049
9522
2878
649
8790
5382
7567
2080
9598
4492
5554
5378
2338
3998
5371
3968
5310
616
916
6420
7696
8591
4294
4002
7346
9342
6099
3062
5628
1596
8702
6040
4440
7230
5879
7249
4515
9927
1547
9459
1476
1288
3665
2022
855
227
3230
4900
9652
8078
9434
8719
5568
132
9334
6876
2640
7150
6842
8087
7514
6373
3475
8059
8421
3662
5242
1925
7013
1925
4321
3239
7255
804
6035
446
3583
2425
658
4299
2666
3661
5945
6731
1557
6945
3256
5666
8711
4590
4836
3715
8206
4057
2969
5818
582
6323
3182
630
6560
9514
7118
110
5605
6027
8401
6308
4689
2639
3859
1288
1466
3105
6290
940
5605
3335
4529
198
2303
4515
6629
7069
8675
836
930
8580
7134
8628
2668
4128
4901
6744
52
8782
7583
7256
9645
8311
6740
8992
7662
7478
2719
1239
1314
238
1867
1675
701
3624
1550
353
8883
8539
2624
4302
1534
9451
8120
2737
6785
5731
