302 5377
142 213 1973
300 15 1332
74 198 1158
144 74 9100
10 289 1919
224 239 40
49 285 3745
210 92 5525
154 190 4438
30 180 9315
240 243 435
82 72 9549
236 158 4336
159 127 7463
141 20 1919
15 137 468
252 30 5976
145 131 7040
179 169 4594
8 91 1466
41 272 7445
11 112 8243
181 178 2766
265 291 7319
186 104 5606
140 159 5238
117 271 1277
7 213 2691
134 239 1344
82 230 8393
228 235 977
144 86 2599
57 120 9186
105 175 1921
245 259 874
91 72 5032
240 24 5067
164 67 8252
187 220 8935
80 217 2686
99 178 3306
32 215 4796
83 45 2238
185 260 7564
39 169 6238
149 218 6267
226 100 3628
131 40 1525
14 211 6932
216 187 7182
291 64 1662
241 245 9204
163 299 1789
3 163 3147
92 94 6880
83 252 4459
134 245 9163
76 217 2265
211 119 3018
178 174 73
127 109 4725
171 267 6440
141 293 2494
54 58 9041
237 85 7495
248 117 8212
283 186 4990
207 1 9704
33 174 2781
45 238 4204
171 114 2073
202 290 7863
25 119 8272
175 6 4133
142 156 3411
78 297 7532
295 190 1707
191 121 1630
92 84 2761
169 287 9356
244 283 5881
24 175 9548
215 79 6152
111 170 5111
114 176 3000
261 191 9325
233 291 3269
36 166 2565
56 289 6534
219 49 1125
222 154 1130
273 139 904
229 217 7535
190 21 1979
257 82 9469
77 212 5426
114 260 8620
178 33 784
174 26 8738
120 263 5858
169 233 9346
267 200 4088
286 71 6183
75 41 7546
201 249 2743
5 141 3272
161 170 393
188 268 6479
174 140 682
136 67 641
193 270 5482
23 33 2237
270 142 772
6 82 9662
281 292 8461
27 256 7674
246 257 3236
63 140 7487
29 70 7107
111 106 650
85 147 6253
3 28 7202
2 33 9152
52 164 2958
81 109 6278
165 221 6423
123 75 9335
125 285 6998
6 272 4822
255 75 7154
204 84 7074
100 286 6248
126 184 5321
190 244 6347
269 262 9045
132 149 1286
285 170 7390
211 266 3380
142 75 8284
210 105 722
78 72 1711
200 58 1364
230 168 1036
20 122 5905
152 150 8707
220 212 5967
175 201 6563
81 88 1275
19 60 1489
23 101 5037
33 70 1382
219 291 4510
189 155 9147
7 227 672
256 76 862
49 1 135
264 232 4577
278 286 7106
105 287 8611
129 269 5131
296 267 1462
127 85 9153
194 259 5126
128 6 374
19 31 9577
122 147 2730
196 35 3261
91 77 1752
171 227 1917
14 234 8750
149 280 1017
49 72 4333
128 76 2867
77 107 4687
37 151 9665
208 228 450
110 231 2191
53 134 2276
158 238 3216
269 134 4379
30 242 7592
285 58 7829
145 108 9936
203 54 1346
256 66 6258
6 69 5393
166 201 6663
29 272 8010
198 205 5715
249 185 1105
47 168 8921
68 46 2847
256 138 4038
277 99 1072
211 258 1961
161 242 8513
127 292 6923
296 280 3638
181 103 4157
210 7 1230
245 250 4257
226 204 4682
58 201 5669
38 111 8978
123 78 8807
148 219 9854
24 192 2172
221 292 3855
194 125 9368
202 73 4582
155 146 2321
20 96 4489
124 51 7305
189 284 7458
299 40 5784
121 203 7530
206 198 515
71 271 3299
288 287 295
185 266 7625
157 148 5757
168 178 319
248 78 4162
207 276 9113
286 107 5888
78 158 4071
56 110 9480
11 212 5729
302 189 3586
130 119 4899
103 179 1251
97 133 8058
133 219 9273
257 213 7709
222 167 8725
217 18 9221
103 135 8303
21 62 7734
272 276 2223
36 272 4886
46 224 2984
182 172 3900
6 236 1833
112 126 2899
203 128 1708
296 9 4960
47 97 9915
300 260 9928
47 31 438
235 75 7880
146 135 3501
94 83 4032
273 45 3118
125 115 4187
69 91 6456
83 65 1202
202 3 6347
74 68 3403
243 279 6190
136 99 4177
270 128 8638
202 59 9103
256 15 5085
115 235 9561
222 210 9160
207 271 7424
165 85 8563
191 196 669
227 276 1054
249 48 5576
195 158 9058
13 205 8386
17 253 2876
262 58 5713
173 74 6346
231 190 4885
205 30 2580
133 53 6950
125 199 2328
276 93 4390
161 187 6477
271 172 978
176 293 8977
54 295 5120
188 37 9982
293 269 211
178 211 1084
59 301 1531
90 57 44
283 83 9091
17 169 7650
190 196 3057
42 230 3500
268 218 1276
71 290 1065
283 108 1275
273 194 831
28 4 4109
283 210 6025
94 35 3425
26 141 6917
57 276 6444
210 213 8585
110 205 1133
92 121 8981
292 91 1664
251 133 5471
120 48 3958
78 222 5443
128 77 900
256 257 8604
276 16 6108
162 283 4609
236 131 8457
202 30 3524
46 92 2334
38 230 8325
96 258 132
114 67 4966
118 272 9435
9 207 9381
42 237 4031
264 203 1942
46 83 4468
230 164 3380
288 81 8791
292 18 9924
78 162 1023
232 153 6165
287 131 1600
286 15 7146
146 147 1251
139 199 7275
44 68 304
45 132 9144
29 58 1211
118 289 2718
74 43 7567
101 216 80
267 246 2302
183 238 9773
115 26 4932
123 202 8495
229 68 386
228 296 3659
37 95 9227
91 200 6189
87 21 1157
292 194 6232
109 232 4691
226 222 4757
196 227 8602
275 72 1406
194 213 2356
182 68 9366
244 120 6910
12 89 2915
246 17 2936
55 82 7188
107 210 1465
216 172 1291
5 153 2403
153 287 2950
125 219 1287
105 272 9986
220 217 6979
137 16 2574
243 296 5650
118 237 1664
115 142 5925
15 46 4545
283 132 3544
48 137 2449
143 192 4027
271 259 786
38 97 8876
127 249 2700
125 218 9482
51 98 8467
112 78 3480
13 31 3492
163 285 7186
218 185 2696
252 158 9932
237 296 610
260 18 7812
208 4 8327
108 219 3617
182 131 6849
267 146 5994
215 243 292
26 48 7616
240 261 2022
207 51 6110
107 20 8202
215 244 1567
14 199 3479
296 198 995
228 89 793
175 177 1524
213 293 2880
37 302 2568
196 205 9121
136 36 8382
297 193 5543
2 113 3446
233 77 2804
43 26 3418
240 114 6052
235 118 3241
229 301 8097
260 12 3608
250 298 7312
202 300 6574
61 193 6762
77 64 410
123 264 8246
302 182 3872
256 297 8082
218 202 6108
237 224 6511
35 123 9912
32 248 8668
132 74 1821
205 208 4929
215 219 7708
97 268 7399
144 44 4166
251 123 8245
179 297 328
12 39 8034
248 255 9026
55 246 3062
70 298 3403
107 42 7639
21 52 9114
176 134 5997
37 149 1982
289 284 5399
57 66 1835
119 221 3582
103 251 3900
214 244 753
204 131 7639
280 275 9941
139 267 8155
196 206 4333
135 121 831
236 154 4892
124 144 1727
194 302 3646
209 152 8998
269 16 9820
50 134 4001
290 39 3499
108 90 2922
141 224 3733
174 149 225
280 115 2072
292 188 734
24 60 6810
60 216 7235
246 189 5800
164 286 1668
46 127 6796
6 83 5921
257 118 8833
25 32 2925
197 171 9230
51 155 1569
272 89 8295
113 294 2907
257 112 262
261 198 6276
19 87 5553
275 119 4103
11 174 2506
198 259 541
74 193 3139
124 269 4604
33 261 4509
242 11 1773
231 152 5748
243 299 924
94 289 3271
178 115 6182
12 269 3746
131 173 2857
302 121 6490
108 125 443
78 12 3262
300 68 3209
289 12 6295
212 181 5298
244 31 5046
57 259 8536
30 25 6765
212 158 4816
75 160 3803
13 27 6047
128 97 3261
76 253 5087
11 157 6304
49 238 1814
302 21 6013
170 216 6142
43 9 2613
151 201 4888
35 237 9648
25 191 5390
278 162 4043
41 179 2068
67 229 1022
33 190 3442
150 214 1083
174 227 403
168 262 5291
88 73 2174
35 261 8191
194 158 9738
260 281 1311
47 116 3551
293 164 6012
112 184 478
189 134 3342
230 197 7772
45 250 1158
134 8 965
140 292 6201
247 71 2265
293 169 60
192 121 955
31 195 4687
61 125 8634
86 291 181
36 255 6439
82 170 9780
139 47 2749
151 157 1014
73 228 6138
297 85 3263
294 273 7339
144 263 7936
256 86 6848
235 7 2572
10 142 2307
10 92 8042
234 21 7355
250 27 4318
155 154 3504
115 76 9559
61 171 2298
69 9 5993
106 115 6831
26 77 5231
124 184 1650
132 155 5503
281 182 8444
193 300 1900
33 8 4359
138 104 2577
274 227 8609
112 301 6797
210 200 5672
266 253 7181
259 137 4751
132 230 9102
70 132 9412
146 270 2643
80 198 7439
40 239 3175
40 146 2581
62 278 2077
284 89 3038
62 137 9117
176 161 3755
152 33 1449
257 33 9364
111 90 2114
89 238 3921
160 250 7134
41 145 9920
108 161 3603
250 216 1286
38 258 3796
84 175 606
173 146 358
233 265 5974
186 100 1640
191 156 2994
134 201 8358
291 107 8892
92 261 5329
170 27 6447
21 249 1291
195 199 8987
80 45 4447
212 274 6296
5 229 364
285 14 2692
226 142 3046
68 121 1345
168 152 8380
108 92 5169
210 18 1328
254 252 1479
215 91 7147
48 106 2104
257 86 6478
63 127 5561
227 131 7348
285 135 250
197 141 9059
128 241 9004
114 248 3503
72 269 1751
161 207 4194
90 237 2126
261 228 3533
184 242 293
67 116 2472
119 279 1175
2 123 7910
178 25 8503
160 188 304
232 117 2173
147 255 7739
205 15 6
299 221 7566
87 98 7431
175 263 4376
108 64 1955
209 102 3045
87 177 916
263 154 1762
73 122 5395
227 119 4359
83 173 1389
133 65 9983
297 49 1663
166 186 4598
128 209 2028
71 4 9658
174 255 2654
75 81 769
294 234 2742
160 104 7912
141 241 1823
233 247 9898
270 141 5382
225 55 210
138 128 5440
65 128 2216
179 68 3568
188 235 2648
261 73 6109
69 66 3647
104 252 9065
166 228 4362
225 29 5575
19 15 526
177 49 7962
271 24 5068
116 50 4568
75 37 9768
288 259 258
198 164 8658
71 113 1509
65 37 7702
80 289 2896
110 66 5401
51 140 97
295 271 5403
10 204 9372
77 178 4429
52 125 2188
233 67 2204
152 149 7529
3 14 3991
38 183 7342
272 153 541
183 208 5948
106 62 3496
40 150 1666
151 18 3691
77 258 55
116 76 4205
70 169 2437
110 179 4114
6 237 1176
181 266 365
273 59 3898
218 150 6287
210 257 1772
171 62 3501
210 93 6057
99 188 8608
301 85 1393
52 116 5451
278 25 9091
187 97 6371
253 243 6518
89 173 812
129 71 3492
152 69 4891
45 106 5528
267 147 8747
135 282 4469
276 230 4442
164 36 8207
31 55 2566
121 260 9364
170 71 2480
46 91 8155
140 70 7547
290 178 4380
96 106 5041
87 295 698
6 71 9793
51 210 7102
122 106 9013
146 105 5266
89 174 4134
48 178 4242
231 40 4070
84 234 5462
215 80 9766
138 77 1475
184 162 572
168 84 8512
171 229 9889
172 192 1306
224 86 3183
276 215 4551
56 10 4537
116 104 25
32 55 8875
10 189 4651
99 213 5572
262 300 2452
209 81 8456
128 30 4935
235 224 6057
98 96 5017
48 22 6910
112 283 368
289 293 5073
247 88 3824
224 204 4842
147 207 5647
28 285 9300
102 118 3245
250 221 1520
154 95 6475
74 284 3857
13 25 9510
209 83 8472
279 16 6309
292 44 3189
94 214 4098
213 16 3805
209 150 4456
118 280 4474
125 237 2153
86 301 1941
119 45 9832
134 71 5707
203 219 2051
63 73 4605
288 127 6216
135 199 2569
190 213 7299
158 67 5360
152 122 1259
117 144 4277
190 127 2399
294 302 7081
292 238 7849
119 8 4539
192 196 9108
129 91 6640
128 108 5624
29 105 7628
253 247 6327
30 38 1515
57 218 2073
191 28 6450
141 143 2801
301 108 467
160 162 9131
46 131 2175
137 12 9977
26 291 1815
212 145 4992
124 56 4166
287 136 3508
51 116 4034
220 131 2575
178 134 3876
247 227 6745
256 144 1277
129 140 7706
154 66 1792
93 101 7304
267 275 9024
222 194 6066
212 174 7249
52 154 2879
184 1 4415
235 89 2756
98 108 5656
244 277 4153
169 144 8786
7 53 6897
33 196 104
180 300 4450
144 106 1203
166 202 7349
180 96 1488
91 62 6838
105 15 3981
136 220 4648
235 254 3418
118 141 2039
25 84 3911
100 46 1566
217 98 5904
34 132 7568
162 187 644
79 70 4060
290 113 1889
41 271 7559
211 277 2627
201 238 2494
67 238 8913
171 172 3261
123 22 1571
262 138 3538
254 22 1470
75 111 4939
177 208 1216
191 269 4930
263 35 3785
157 51 5773
21 268 1886
31 223 4465
160 129 5588
66 78 9840
68 232 8514
111 135 4055
152 128 2987
57 123 5963
277 210 8553
108 300 3271
287 72 6500
244 92 6122
11 255 7512
112 282 4412
57 165 9490
300 37 729
32 40 3648
116 186 8013
63 241 2973
142 16 2290
125 282 898
200 11 6335
55 21 2827
221 118 7448
129 199 68
21 260 9452
257 288 8109
252 290 5383
214 55 7638
298 90 736
301 79 7991
66 198 5005
132 265 4878
117 196 6899
301 183 5152
119 101 5191
239 98 5981
42 79 4414
300 217 157
49 73 8557
173 71 7204
260 117 7219
167 199 2353
70 96 9603
29 44 2813
143 220 467
141 83 4929
225 193 5526
257 91 5839
61 284 12
35 295 1044
79 9 4035
43 177 9905
247 83 8848
268 9 4731
122 68 5944
282 236 8905
128 301 5162
258 114 9024
35 57 4527
267 143 9698
13 62 2789
261 100 3168
14 15 9710
130 173 8948
162 79 9535
87 267 3059
83 230 5043
34 263 9876
143 112 6522
234 101 4109
228 204 4544
124 98 8457
114 55 6977
277 97 3493
111 28 7155
105 247 113
149 130 6433
12 20 160
301 17 5482
84 277 5027
222 269 9933
235 16 5131
89 27 3614
204 41 8361
97 255 8083
244 156 5379
164 140 1649
215 150 1219
157 88 9756
183 6 6950
292 52 2156
199 137 5177
145 166 2812
6 202 1365
193 78 7675
86 66 7531
27 91 9201
179 135 2747
130 28 180
196 286 7919
21 155 4040
295 55 2293
223 175 8328
165 266 6374
95 190 8496
199 46 8659
16 149 8146
294 164 5220
114 152 7042
288 26 9537
132 66 4924
59 231 3465
8 206 164
77 1 868
93 57 7753
187 301 6049
228 49 2982
286 247 813
79 1 9685
216 231 7413
64 13 3723
179 244 2785
247 167 4391
215 238 5583
300 296 9643
23 73 8347
262 261 9206
214 182 4093
127 89 4992
129 220 6933
67 207 154
79 255 9839
21 27 3576
28 137 4491
189 291 4500
252 148 241
233 94 8762
200 156 7572
150 190 1053
48 287 2945
126 165 2562
102 221 6755
87 157 464
55 122 4844
199 3 5651
273 261 52
272 193 9504
13 299 9939
288 124 3626
295 241 8990
11 51 3294
59 101 7356
197 245 1776
217 255 7546
190 194 5539
202 170 4589
164 31 3234
265 87 2738
182 140 4716
83 112 4339
220 27 5628
300 190 8832
215 82 5169
202 87 1424
171 37 5378
34 171 6397
118 135 8290
42 123 3393
276 163 1007
240 151 1209
7 207 1011
62 296 7495
111 54 2665
235 233 52
299 214 3970
37 104 4256
25 205 6683
244 107 2137
206 195 2232
174 208 1464
168 48 2111
266 3 3293
38 47 9462
285 188 1622
169 152 745
135 155 9691
68 15 4158
17 183 1670
12 116 7896
134 143 2818
286 285 4073
178 116 8215
174 71 2297
269 87 9056
30 204 6209
242 119 453
210 275 8096
12 5 5377
92 294 7123
69 128 1690
162 131 8437
175 252 6347
178 124 1882
200 30 6262
260 27 7031
238 277 1377
123 257 2237
288 281 8614
45 149 6425
274 10 6123
70 250 3778
89 213 9583
12 14 6906
213 228 3635
117 154 6550
61 111 2158
229 244 8481
27 147 9406
280 301 5913
100 247 7363
125 56 1660
27 279 7412
2 116 2529
89 140 4546
86 182 9097
103 201 7053
265 295 3989
65 23 4911
119 88 768
95 24 760
199 132 3096
53 18 2149
30 19 4434
79 52 3684
188 71 5071
33 202 6681
221 18 3283
44 183 9780
223 204 4642
234 46 2075
227 255 7467
64 244 4254
121 147 7761
61 268 4856
222 127 6615
80 46 9962
97 195 5016
49 81 7627
69 117 3470
263 118 7196
182 227 2864
135 273 7747
191 107 3731
142 252 5951
34 43 4186
109 3 9951
262 264 1711
195 292 3878
253 260 7572
109 36 5146
214 138 6581
207 217 8315
1 114 5283
84 194 5933
279 233 1546
283 145 9109
10 235 3736
257 249 4857
292 169 7702
125 73 4402
49 121 238
257 124 4113
1 19 6068
265 124 2821
250 154 5256
32 146 3629
196 57 9082
148 120 766
134 158 7907
250 84 9761
300 65 1598
145 7 9780
299 29 2512
74 31 337
212 22 3152
188 89 9837
244 154 4927
30 93 6255
86 127 3976
159 23 8998
233 251 2076
128 239 2943
218 164 8130
76 91 7771
302 43 8491
247 245 6794
249 214 3556
114 27 6389
84 146 2675
256 122 6471
239 296 7525
67 250 8298
302 197 3139
259 299 8647
222 228 499
145 30 8599
64 119 2677
297 8 5979
258 255 1180
173 221 6741
150 114 6422
169 210 849
229 245 9516
166 246 5729
237 211 4174
38 108 9121
187 12 2511
103 3 9332
170 169 8786
179 40 899
16 146 4452
269 90 8268
185 90 8789
132 92 888
276 155 8277
20 55 7977
276 130 1219
293 103 8257
61 48 3185
108 82 581
208 187 3850
3 78 136
32 90 198
100 97 5715
246 90 4481
100 275 2056
37 33 4232
99 123 6511
228 66 436
244 168 8462
195 77 945
170 56 5664
242 172 4693
47 12 1744
229 239 2946
193 28 5100
28 80 5463
188 120 4587
209 253 1854
277 200 9552
263 191 5969
276 244 2295
116 171 6708
168 199 4611
199 92 9767
124 29 8444
175 52 9162
191 65 3473
78 57 3578
177 150 8875
86 123 53
195 257 5467
256 65 9930
267 130 5541
274 159 5022
246 70 6794
26 209 9200
12 297 9429
61 67 4869
110 228 6887
119 112 2698
179 159 3938
129 176 8566
143 116 674
73 248 1685
223 29 2877
119 281 7714
167 35 5923
3 80 4916
278 39 1805
268 272 2851
121 27 5998
223 296 5860
12 230 4670
254 171 2181
292 279 9436
137 157 231
166 114 458
144 288 3611
17 22 605
251 17 2125
58 109 8824
52 281 7570
136 225 717
206 264 1190
137 38 2978
79 115 7280
161 219 2067
159 98 5115
22 157 4934
279 71 4439
88 33 4751
48 111 8694
169 273 8131
188 271 112
172 13 837
259 145 5052
263 153 6075
256 258 6864
73 193 6992
69 151 3395
76 20 6186
300 67 7390
106 150 9286
58 160 4682
18 142 1134
15 155 1575
81 125 9048
216 160 9723
217 161 2427
94 104 6419
199 56 2050
26 177 4806
249 215 4178
92 82 5657
59 248 506
43 133 7182
266 252 9654
253 10 2571
32 24 7006
249 259 6728
241 115 9984
97 276 692
242 121 4061
180 84 5757
210 188 6738
222 178 4267
40 24 792
115 187 419
233 72 646
37 123 1524
301 177 6166
215 183 7725
202 84 6222
228 301 5609
73 150 1000
208 134 3775
276 46 6016
288 174 5175
102 54 7242
153 70 4235
260 181 1163
61 140 4832
97 114 5719
210 106 7446
241 95 2386
38 302 4381
17 128 2313
180 101 5365
189 145 991
155 290 8972
187 40 3362
252 173 6482
122 183 6462
121 152 648
269 47 8292
22 118 4274
206 229 3750
214 288 4653
236 147 3193
95 70 2740
278 177 8785
289 242 1344
48 138 9808
131 212 7036
113 248 4274
79 204 6058
43 167 9331
19 86 6922
181 31 3995
86 220 4468
111 267 7995
39 154 3946
19 301 3890
74 13 1063
258 201 5402
287 61 9036
237 172 3581
193 123 7429
1 37 9415
37 217 5747
5 151 7189
94 63 2777
98 110 9101
92 248 9219
139 68 8094
229 81 5609
118 143 2028
168 37 3376
70 300 3460
79 295 1413
113 87 6106
25 153 7285
125 78 2497
294 149 9786
44 263 7298
172 252 8961
16 192 3566
122 120 9937
252 213 294
13 118 4654
104 47 2907
161 184 7210
297 124 2264
3 214 8977
53 3 4973
113 69 5696
245 281 5135
84 257 984
134 139 1815
257 298 6371
162 51 1524
130 96 6057
4 179 6015
91 180 4096
119 104 2946
118 145 4985
77 162 1104
17 292 8486
101 188 2856
193 235 8700
198 53 3943
205 280 1857
155 107 4038
234 66 345
220 282 1335
283 62 6231
148 185 2725
261 37 2961
283 121 1509
11 229 2607
218 56 3073
278 267 8941
269 146 270
47 235 9068
242 106 7917
232 230 207
96 151 8964
98 39 6158
50 71 5653
265 42 7730
74 99 6376
11 171 2999
206 216 8747
10 221 4666
288 22 1745
122 25 9164
45 242 8412
159 143 5782
177 60 4886
72 149 9792
221 209 5281
226 156 6782
156 36 5498
266 111 8614
23 213 9412
223 148 3779
108 188 457
27 302 2022
35 255 8403
30 129 5195
233 156 2873
205 211 7867
118 87 7743
186 19 4673
55 77 6907
44 247 588
301 88 6466
234 119 7930
188 134 9045
203 115 5793
262 221 9770
230 249 2346
127 218 4389
224 206 1932
266 178 8487
121 108 4469
153 120 1871
216 2 4568
145 275 1227
18 60 5021
84 63 8582
82 279 8050
132 168 4542
205 255 6063
6 177 8471
190 252 6673
124 119 5069
19 245 6290
301 163 8194
50 111 9573
297 196 5215
240 171 7048
197 140 7083
45 159 1160
298 168 5174
176 46 8648
155 76 833
126 222 1268
64 52 9906
275 259 8347
84 36 7933
230 160 3099
225 153 4023
290 76 1717
237 208 6720
294 63 2710
204 221 8204
97 144 9434
64 249 4216
227 39 4028
266 19 2320
8 49 6850
123 259 2957
18 112 4149
109 212 5421
24 20 1527
130 73 767
168 153 7625
81 219 7030
158 16 4602
136 226 5882
220 181 2122
293 120 7229
147 238 1978
184 221 3059
45 184 4958
100 199 7603
4 147 6244
172 118 6992
29 240 3955
273 37 5657
89 57 6963
232 115 2497
118 283 3707
224 153 173
171 60 6790
162 76 8978
55 286 4272
63 260 6385
103 63 2967
153 295 6029
192 35 9206
163 236 4468
80 40 6893
34 114 7375
175 106 8770
135 22 821
140 178 5037
25 202 7724
160 221 1836
87 124 8732
153 167 91
198 191 1199
164 283 2883
217 68 6140
111 154 1280
65 217 3719
34 9 7230
60 129 6405
190 49 8032
200 294 3345
167 112 4245
288 289 6677
17 229 8017
29 161 5140
254 224 6255
211 24 5087
189 5 5962
60 226 9387
83 18 8741
220 299 5075
270 72 2054
206 31 668
107 164 8153
43 291 143
256 20 2611
233 167 1604
180 218 6309
82 2 524
132 31 4310
243 286 9996
77 15 4495
106 120 4010
165 133 6861
100 236 6184
86 238 4970
48 55 8890
271 74 7495
209 140 9256
179 100 3029
6 104 5881
150 141 2130
187 142 29
260 10 8435
240 302 3558
197 191 4485
45 135 8506
268 50 3270
286 154 3512
158 165 8853
216 295 3934
281 247 2061
27 254 8431
170 42 7147
144 58 1119
294 85 5467
122 66 9481
106 200 5235
154 161 6092
231 200 7973
71 171 9385
55 81 7543
214 223 8989
10 201 396
299 185 9834
240 109 3762
73 69 1410
53 153 2264
39 210 6631
1 289 5672
186 156 9903
203 298 5390
256 275 6402
145 133 6082
26 127 6144
211 240 1239
286 230 2118
226 23 3231
197 201 8107
51 143 7202
28 186 2113
117 73 2487
247 230 7654
37 186 7216
251 77 1705
291 218 2638
171 205 4717
175 3 4854
164 165 3158
107 300 140
251 252 9262
249 146 4431
150 128 1391
276 91 6059
171 190 2316
10 104 596
249 62 8750
282 110 5672
183 138 5046
8 293 4848
42 216 2188
61 199 1212
137 231 7973
175 80 816
3 213 4104
285 241 9555
157 102 505
91 93 4285
302 277 7403
171 92 4582
63 161 2755
20 93 5049
247 18 6483
300 232 153
136 116 6178
145 269 6744
22 178 921
147 126 2143
260 19 2008
228 133 5882
238 186 266
143 198 2550
252 141 136
191 31 2807
14 111 8315
14 206 8958
212 195 4842
94 102 6911
5 13 7562
5 292 7648
14 120 6198
253 115 6370
292 230 49
186 239 9845
19 98 6005
151 205 9349
99 73 1414
22 107 1832
93 25 4643
151 44 7329
64 253 7741
291 249 4497
68 105 9146
194 225 3863
42 40 4003
219 169 2894
234 29 1516
194 238 4482
277 96 7513
168 241 4046
177 38 8939
67 68 2921
133 135 7328
247 249 8846
50 136 5607
17 2 8238
295 239 879
19 33 344
46 153 6292
238 190 3706
270 161 7897
262 129 1234
42 234 1771
260 243 8804
43 100 5807
275 185 6283
162 61 935
251 302 4599
160 152 1324
29 155 6915
182 72 7434
146 273 2837
286 246 8957
254 42 5067
105 129 9665
248 96 8603
133 148 8670
42 156 5059
268 102 5949
287 273 6159
289 296 1610
71 25 6291
245 29 9848
122 108 2211
49 59 1245
174 249 3511
43 102 3167
16 122 611
127 241 45
51 81 3411
57 162 7414
267 252 915
53 96 3745
279 26 5789
62 153 6846
301 76 9848
140 97 173
139 238 9802
177 106 8626
15 225 5491
292 70 1174
272 94 6982
214 199 9928
68 53 9779
17 18 2916
71 46 2077
161 80 1280
127 94 5326
40 69 9013
201 108 9562
78 265 8194
87 103 3605
198 123 5967
201 158 5470
194 13 7117
65 58 1886
97 269 7390
57 302 8201
77 117 5104
56 175 4130
295 144 4836
145 5 7810
9 204 2156
7 156 7092
100 180 4371
143 238 3192
62 231 6810
231 253 7844
20 180 9235
129 9 1161
101 204 182
101 16 630
112 206 3683
158 22 3450
110 227 4004
3 251 5153
232 240 552
274 68 5801
237 51 311
261 22 9171
131 283 3900
157 67 1753
44 41 6783
72 293 3949
295 45 3679
36 116 3384
161 181 9804
138 119 756
258 99 3368
156 52 5753
253 22 7926
271 193 3935
278 58 8231
45 233 3896
273 20 23
282 296 6973
257 181 4675
111 207 9161
288 89 1419
282 83 3236
176 262 581
222 88 3560
132 77 9104
209 59 135
289 121 6300
33 279 1878
249 140 9718
1 14 5815
179 133 7632
237 299 6166
63 195 6324
2 273 7566
140 103 1588
219 160 8548
25 225 1206
112 160 5646
97 206 2559
18 38 4874
102 86 758
251 180 398
228 284 4889
21 255 306
218 183 8491
26 239 5154
15 227 8715
19 115 2642
145 146 3921
187 201 6729
69 18 6777
67 137 9888
159 25 3653
77 208 9429
225 123 1509
88 90 7231
143 103 2859
114 69 2884
294 125 9479
116 247 7052
99 92 4533
198 278 377
102 107 1570
263 264 8299
202 54 3914
207 163 8668
227 183 1424
33 234 5745
300 49 7108
219 64 8819
110 51 3447
61 6 5213
279 170 2922
138 55 7964
83 40 7050
189 93 887
17 111 5350
150 104 1546
254 178 7504
123 79 3842
298 20 5727
25 215 7835
88 106 5697
37 49 3195
62 206 4799
24 29 5591
241 194 2718
293 119 1762
51 225 8149
73 100 4230
141 76 425
44 52 9903
79 138 882
171 236 8240
129 213 1657
21 298 1101
34 197 1641
66 92 6070
89 265 2433
71 120 150
124 299 4785
155 186 6327
236 256 868
205 299 4386
271 154 3769
77 293 599
142 20 335
113 208 4491
50 206 5555
149 119 3943
122 30 8442
139 296 3901
226 90 6881
23 277 6668
171 218 1870
279 173 8311
69 281 4324
190 75 3909
29 112 6624
246 57 4953
143 52 222
55 140 9578
208 295 8133
292 215 2742
164 157 4262
149 2 1984
268 284 4763
247 23 1633
248 212 6680
172 183 9661
52 130 7165
28 212 291
248 97 6618
87 256 6932
258 16 3076
182 139 7533
281 258 2477
124 264 370
59 130 8797
279 6 6908
50 274 2338
225 78 5257
160 42 5499
233 68 9700
283 190 5261
210 278 2252
96 264 5292
44 288 8282
29 131 4915
15 112 8352
294 3 9080
222 187 143
35 124 6261
65 29 5616
258 277 4429
45 166 9705
68 30 3035
153 268 4888
24 188 7867
197 52 4334
234 130 2873
251 166 5245
297 197 5134
276 248 6040
270 217 6795
205 172 8488
230 126 880
175 47 4219
18 51 9456
34 119 3387
171 45 2058
212 124 5754
281 3 7085
221 265 2835
214 221 3963
230 228 3334
148 60 8183
244 85 5187
194 284 815
169 154 3992
245 57 238
22 223 7549
49 165 4846
85 26 3988
207 137 7030
203 170 2207
169 103 2997
231 23 3173
71 62 4153
288 173 1631
260 294 1523
204 23 3991
222 211 2342
159 275 2306
78 76 3144
283 159 9627
280 18 1993
285 17 6436
36 183 2829
187 263 6746
100 194 482
85 210 9628
149 140 2786
262 151 9425
178 58 6608
142 207 6900
253 285 3138
76 182 1790
124 62 5858
250 94 3050
52 155 9976
76 237 6507
65 227 8480
262 38 1801
208 59 4728
87 255 1919
47 167 6148
152 202 6045
98 136 5048
254 286 9416
281 269 7998
95 182 9150
153 89 3307
162 21 8845
271 253 2321
58 153 1224
265 299 4912
80 59 8202
176 258 6628
168 238 2475
295 194 7791
199 274 8556
111 7 5021
31 192 851
223 156 603
148 86 4823
149 239 4485
10 94 7635
226 158 6023
63 121 873
70 148 278
123 235 7656
18 144 6048
146 255 4024
89 240 638
292 275 1658
95 12 4259
261 190 4762
247 165 750
229 261 260
27 214 531
154 257 3651
136 170 9293
194 26 6907
18 136 6344
241 20 1936
17 46 8591
20 240 6749
256 181 1563
40 54 2347
231 161 5565
110 214 773
75 264 8533
252 143 7177
168 207 6872
35 211 1653
58 116 8698
153 63 2232
209 132 7763
65 179 8229
36 96 5370
124 157 1801
281 124 8533
126 161 7978
134 18 3339
31 34 6393
33 92 9775
6 66 7844
129 65 3276
215 279 8140
207 225 3188
277 71 7735
4 268 2391
213 26 6550
92 14 4769
67 40 9720
2 49 4504
137 115 7307
133 138 5001
248 252 3839
119 145 3762
167 277 6299
131 31 5491
8 195 8789
231 96 9508
70 251 359
28 238 9712
62 77 5131
17 129 2875
168 277 1686
258 106 3433
41 90 657
282 292 483
37 218 2666
290 57 4125
301 294 8631
181 187 8719
182 137 3671
192 252 2720
232 250 2988
22 172 3558
72 214 5127
179 1 388
126 67 3652
28 242 1806
281 289 9429
187 135 7841
117 199 1527
177 264 7428
65 163 9398
28 64 5539
257 259 1526
76 270 8937
86 190 3286
6 85 6382
113 156 5890
276 11 8398
132 52 2105
80 34 5046
153 267 5081
87 281 6609
234 181 1432
131 137 9343
242 182 1533
34 183 3244
226 66 6164
262 8 1073
250 240 5366
294 259 4926
160 71 2942
119 267 3677
106 110 2958
66 47 3036
131 125 8694
15 179 8077
277 38 4854
112 259 8180
263 71 2577
232 204 9036
233 217 4393
255 8 8142
282 61 2300
204 154 8656
41 246 1006
12 126 2396
280 65 8434
302 23 5670
117 17 8803
143 65 5489
257 60 8920
199 54 3907
106 278 214
284 190 8708
238 146 6546
192 108 3410
96 172 1030
100 227 5789
134 238 344
109 192 5054
192 123 8309
199 65 6880
288 254 4402
134 85 4376
29 206 2673
264 25 7249
162 59 8226
285 26 5280
209 149 9445
274 206 9560
126 224 7681
65 12 7685
35 115 5080
110 204 3893
57 255 8906
114 190 2169
8 188 5572
167 257 7738
11 20 2362
84 24 2860
283 170 1938
199 30 1925
62 236 430
291 123 95
229 286 9783
25 85 3865
123 54 4812
28 177 3607
227 36 5304
244 284 971
230 272 898
241 46 1306
142 186 8145
252 152 2649
291 124 7666
245 290 1464
254 150 396
107 6 8967
209 88 4037
123 105 9235
207 199 6760
40 113 7091
33 290 5109
255 103 533
132 116 7996
229 139 7945
119 70 703
73 29 2598
181 60 416
261 200 3568
283 7 8267
119 162 2722
175 64 7059
119 238 6843
205 293 5589
197 132 8919
238 247 8682
116 159 4597
127 215 3362
193 77 9776
88 143 7937
146 113 5654
132 244 1410
59 79 832
293 198 5978
2 243 788
207 160 2462
283 153 2268
98 138 5679
134 172 7883
210 243 4940
114 178 7729
246 163 3315
222 165 8944
278 121 5659
273 221 8995
57 174 2176
67 27 2667
24 266 476
166 223 6993
53 273 5783
126 183 6615
148 161 9870
3 146 3554
79 214 3873
116 275 6221
42 108 2111
58 166 5356
161 19 319
7 262 6033
172 166 7448
20 290 7255
78 263 9729
167 183 5038
37 29 9772
189 227 5037
271 190 575
212 21 3633
272 300 9192
124 256 3434
36 12 8469
276 2 4974
167 217 8299
133 275 9312
205 165 1322
178 159 6707
190 254 8412
154 180 2099
269 241 4007
14 135 7305
291 177 2806
174 245 5174
178 301 4861
296 134 2502
34 269 2637
249 116 7645
269 21 1543
40 276 2370
153 125 8972
190 60 5153
234 193 3441
213 170 6033
287 190 873
105 270 9565
259 26 8385
205 120 751
194 175 520
251 210 7926
39 78 2175
23 117 8944
285 300 925
149 39 1770
182 251 1257
180 116 9200
266 197 492
18 198 1306
255 254 3741
69 171 5830
111 25 2730
121 171 1996
95 143 7102
158 199 755
138 174 4354
257 294 7889
201 91 3536
118 1 8799
70 170 7931
277 67 2083
120 116 3757
286 39 9084
231 274 2370
199 66 1805
296 119 9974
174 28 1635
34 94 6993
158 213 9745
286 297 1721
227 280 3066
200 55 7564
237 166 5039
288 253 9588
56 302 5847
34 73 4946
91 16 9317
122 121 4702
31 302 2117
221 145 9275
144 163 5197
52 100 1848
182 294 8287
299 271 9733
75 89 2399
210 52 9431
235 88 6725
171 166 1837
117 235 4996
167 19 2102
179 224 8555
72 242 8766
287 41 3928
142 1 7935
97 30 1295
58 23 8399
88 190 4408
180 40 370
76 260 6370
32 74 5903
58 34 5888
81 264 9526
256 261 6881
19 165 6966
19 22 4904
248 123 8421
246 139 5391
45 276 3680
40 121 1432
148 122 5979
56 157 4326
3 173 2493
115 179 9622
131 28 2506
109 22 7293
167 190 2360
200 154 6935
99 268 3563
188 195 2367
119 57 9723
220 101 1950
216 203 190
60 56 6207
269 163 3324
132 47 6457
275 260 2246
103 122 9250
224 250 9089
161 281 2994
273 24 1294
61 270 4575
25 59 7010
262 170 2047
60 35 9433
41 35 8203
148 71 4638
245 221 9024
139 263 6063
157 214 9082
139 275 8009
55 90 5795
132 156 451
30 16 5166
119 58 7080
61 225 1300
101 161 3314
10 23 3292
228 21 6263
222 248 8345
10 155 4322
250 48 335
191 60 7341
288 98 8912
214 193 4381
107 279 3390
79 65 6982
47 161 6875
67 77 1531
265 188 5033
102 65 4727
202 295 3498
208 163 5616
255 115 8525
100 50 7826
273 285 9018
44 155 1697
178 175 2097
292 201 8558
163 156 1626
197 49 100
259 36 1800
223 191 2592
93 89 3384
53 69 8810
220 178 1248
42 217 6176
190 130 5662
26 99 3517
284 33 6677
22 134 2361
274 254 3557
86 298 9813
49 35 8177
227 12 735
264 276 1909
204 236 3213
5 283 4544
47 178 6272
53 242 3287
199 223 2913
148 106 9390
240 49 9417
149 196 8629
18 165 9061
189 215 9188
157 55 4621
281 257 6557
232 148 7049
122 223 4916
133 288 4403
68 120 246
295 82 7958
142 77 1513
139 193 8995
273 224 2692
300 19 4542
157 108 3233
240 47 1203
209 91 11
74 60 2330
143 243 184
112 252 7057
126 36 3910
290 199 3612
55 194 5498
189 37 2719
235 182 2034
288 152 7047
201 200 6395
145 71 371
191 111 2832
277 208 7213
144 93 6684
270 79 1074
62 182 138
144 170 4621
150 122 854
130 113 6557
152 243 815
182 163 3986
65 236 1301
143 43 5943
140 228 5926
221 82 6441
137 181 2007
44 229 7512
100 88 7355
147 113 292
16 182 574
178 1 964
191 217 4984
180 53 4960
236 226 3390
278 45 1603
109 78 7258
183 33 8713
128 79 6740
163 93 4701
105 219 1150
54 270 4292
21 17 1802
145 147 7623
135 29 2444
105 273 9506
230 54 9946
231 275 2086
133 164 6707
222 161 6563
264 169 2606
23 268 4928
243 117 9260
12 157 8574
255 167 529
87 198 2585
200 220 89
171 73 8001
288 221 6638
78 84 1147
57 266 7956
11 194 3986
261 146 3254
280 302 7044
215 294 966
256 100 2634
159 122 3120
89 148 5067
58 168 5425
149 283 4363
41 73 519
248 80 4301
16 77 6407
179 222 4996
10 284 5396
67 134 1684
139 149 2906
209 226 4117
105 12 8620
145 191 136
291 242 7352
95 204 2997
57 110 9720
226 99 3761
37 181 1053
216 168 6518
282 71 1155
207 4 2608
122 2 25
239 213 9659
130 106 2675
65 137 3573
252 270 38
212 200 2191
231 181 3703
8 139 9290
144 61 730
264 129 7525
142 205 4528
186 53 7114
168 196 3417
159 102 9255
67 165 5244
48 69 7123
36 236 6407
192 80 8885
175 12 3494
160 210 2153
40 156 6683
119 62 3920
217 261 2589
214 99 1986
232 39 7101
55 44 4038
4 263 6591
236 126 8957
267 261 620
148 127 4381
150 187 6031
21 141 2627
250 233 8726
134 112 9208
71 9 9600
174 211 775
241 296 9000
85 168 1937
269 66 825
24 75 288
159 105 3263
133 163 2630
55 53 401
84 187 1623
90 249 6145
18 240 2586
121 217 7563
103 186 6748
144 227 9600
11 150 7966
216 254 5655
195 208 5740
65 126 8410
219 67 1463
58 147 8279
140 42 9204
30 120 2884
72 244 6544
185 108 17
64 67 3030
75 292 7860
268 217 5667
287 209 9917
165 151 7283
91 15 1517
112 281 9869
109 112 6871
226 64 1084
158 106 2586
31 25 667
52 242 8673
118 193 7217
268 258 5391
43 109 7529
294 14 2015
213 222 7338
278 157 4732
296 132 3490
8 291 6017
158 235 1277
81 132 3885
216 152 3442
150 8 9341
238 124 940
101 190 7964
284 15 6955
39 189 2116
97 123 358
269 88 24
78 198 2756
191 249 417
300 60 372
85 93 1899
85 148 8019
299 164 7186
297 300 2707
32 133 9540
172 103 3236
139 224 2945
55 300 6415
180 163 4920
200 59 8910
240 278 1744
91 255 1052
76 294 374
302 216 7036
103 300 8122
63 287 5686
60 68 3724
301 105 9272
273 192 397
274 171 3706
33 78 6367
242 41 6144
209 143 7676
224 174 7086
64 53 300
34 44 6356
192 12 9948
82 93 4543
200 180 10000
116 139 1009
5 285 3935
30 18 1827
168 82 3850
150 105 2834
55 68 5892
22 228 1591
89 41 4182
70 41 4201
159 82 5173
289 151 2714
101 72 7408
153 133 6235
162 232 1584
102 235 5129
244 292 7315
172 107 8336
106 66 7778
71 21 8569
181 248 1194
282 10 5060
78 65 4629
169 111 7450
142 99 6054
87 221 1164
7 8 432
39 68 8383
47 115 600
249 280 100
179 206 3920
130 125 3260
5 57 9665
277 114 6270
152 71 4983
249 67 3185
36 149 4107
180 151 9179
21 127 7022
159 72 875
196 59 5002
78 267 2457
3 43 2571
75 195 6827
297 13 2595
187 60 2896
288 140 4747
48 265 9389
262 69 473
64 297 577
187 124 7341
129 260 2497
267 187 9243
27 242 677
58 204 9603
197 121 6665
178 183 7081
31 188 3705
32 86 4540
189 247 3506
195 84 6532
98 231 7432
127 30 7358
67 56 395
27 35 9066
192 243 4948
141 267 8588
9 159 8846
289 280 288
82 255 3042
22 3 7716
265 64 8179
89 302 3664
263 98 317
66 117 1625
282 35 5435
214 198 8844
211 293 1101
141 113 264
15 147 3027
203 275 9621
9 251 1405
22 124 1968
204 249 6050
224 59 3223
1 190 7411
152 219 8535
297 26 3921
111 66 4321
216 58 123
125 289 1920
143 42 2635
282 99 8266
225 90 540
259 38 553
134 101 2201
203 229 1914
19 72 411
266 144 6359
244 150 3374
251 256 6630
211 75 1738
2 280 1920
103 144 2809
67 243 8113
296 125 1253
93 92 4442
185 20 2228
19 302 1461
8 257 8530
114 30 4632
192 206 8008
284 227 2415
281 204 7136
268 210 552
88 241 8241
123 161 2462
211 263 6796
185 51 3673
235 114 3015
85 216 6739
244 50 3364
134 291 6871
206 57 9575
294 30 4327
289 162 4669
286 109 8665
277 115 9624
276 285 3944
283 21 5317
113 198 6030
252 165 9583
131 66 4268
19 120 5727
205 246 6341
61 217 4448
91 231 6629
292 87 7763
268 34 2145
214 18 9587
229 210 4939
38 237 3021
131 122 4670
113 129 3851
65 118 5148
113 223 8157
167 164 2884
67 274 7864
62 174 4126
111 186 7560
166 87 3160
33 297 4080
269 215 4502
214 153 4545
289 216 9088
90 173 8043
187 247 979
213 186 346
149 137 1607
32 117 7898
59 15 1397
20 41 9679
211 148 3300
182 190 7658
279 147 499
288 216 8451
51 125 7243
139 20 7587
229 55 685
238 57 265
168 214 9104
189 111 531
74 299 596
152 23 689
213 183 9990
202 78 4414
20 176 9196
80 168 3508
109 154 2304
163 112 4458
94 23 8283
228 30 8574
170 207 8470
72 93 2884
276 12 8209
259 132 4781
273 152 979
74 117 9748
39 1 2520
121 267 12
190 297 5157
218 115 6995
289 172 5118
69 233 6286
45 58 3277
69 101 7455
245 251 3910
188 82 9735
32 145 8119
166 173 6146
183 63 6408
131 248 1722
161 258 5252
227 206 3569
247 54 4158
194 269 6967
178 268 3833
76 255 5224
211 230 7467
99 144 4021
266 215 3687
179 157 5657
65 21 4811
4 230 9507
146 46 7410
123 243 1473
197 136 2436
220 48 5321
240 73 2254
92 187 3408
296 39 792
90 35 7982
66 184 2882
172 56 5559
217 28 6184
89 49 2895
261 184 9202
218 285 4846
26 187 3702
242 7 7842
92 135 8024
268 160 9679
259 250 9302
213 197 7999
222 157 2941
202 299 3882
69 19 6510
157 48 1363
223 84 2879
38 48 882
70 190 5038
155 273 5963
36 114 705
117 87 9567
250 181 3852
124 246 6144
203 169 4240
280 71 5881
42 302 3281
85 95 6649
64 73 3732
240 206 2451
38 227 6444
65 279 8122
54 100 8906
50 281 8629
39 151 5239
91 29 2045
122 27 7512
92 70 1207
261 158 3337
240 13 8866
28 181 4
209 239 6789
283 77 3526
20 201 2810
94 175 4486
149 22 4859
33 121 5239
300 126 8877
99 112 8039
10 256 8357
150 178 3329
75 145 8812
48 5 9312
114 113 3433
149 247 8381
233 37 6383
168 240 662
200 282 9624
226 3 7634
257 165 8980
95 107 529
122 274 2325
244 34 3528
71 296 6822
85 200 6122
142 281 101
58 110 4781
39 38 4650
92 148 1564
105 35 8635
110 266 5630
165 111 1440
76 173 3782
77 300 165
261 57 7795
253 162 1128
88 84 5165
70 64 9961
107 114 6672
274 49 8464
17 87 2544
165 34 6958
36 57 2861
218 103 6469
24 59 3064
217 206 2053
160 93 3123
204 61 9249
249 86 4515
134 236 3955
6 171 3574
268 95 7202
54 120 7801
293 144 5409
279 72 8800
8 285 1079
89 159 9762
57 184 3934
268 231 567
229 54 1002
10 214 3498
159 254 1987
154 258 8072
201 181 9760
42 41 461
147 248 5719
191 153 8007
68 151 9482
181 49 3193
3 169 457
237 36 2558
185 279 6638
253 156 2357
72 100 169
64 295 3656
23 124 4402
292 37 4824
260 177 3744
245 181 803
34 184 5474
197 216 4117
93 171 52
248 204 3054
187 170 6588
59 121 7130
37 158 2863
18 244 2167
123 265 2946
71 203 9076
26 103 3586
200 134 7268
214 266 2018
159 161 7598
270 169 2225
103 223 8814
31 243 3387
119 152 2196
182 78 1166
129 165 7761
150 62 7861
213 103 7965
155 227 9283
158 253 82
16 128 6386
14 21 3678
134 195 153
176 123 7568
144 154 11
181 176 2802
206 61 5420
248 301 7903
105 18 8838
198 92 1866
241 122 6742
260 25 8578
262 196 2329
44 179 1956
141 156 6048
264 300 8912
143 295 8015
296 169 4571
166 278 5076
274 17 8739
222 299 7273
192 185 4805
26 188 3993
8 63 5401
302 58 4230
152 190 4879
107 7 5077
117 22 8285
82 234 2631
301 242 2045
201 245 6937
235 223 7326
144 168 56
148 285 3397
7 100 1453
150 109 5334
24 257 6226
192 141 7956
279 269 7368
84 56 2087
39 289 4834
266 91 9543
154 128 2323
266 170 4957
25 117 3461
144 101 3773
282 255 3356
143 172 1693
92 239 9907
76 264 5827
245 65 5555
198 251 139
117 194 9033
27 177 8215
92 89 7713
186 284 4726
24 93 7698
94 169 8681
44 299 6433
35 294 1355
190 259 9233
78 40 9161
182 180 7542
123 39 8528
221 259 2044
167 63 3744
227 40 4349
161 110 4257
205 17 6033
110 274 7338
195 13 9612
11 210 4425
260 83 4918
25 126 920
88 274 5116
173 249 8661
112 217 5401
221 52 5024
85 114 3125
269 67 3206
86 280 1119
52 295 4187
34 60 5840
269 1 2580
26 79 4996
208 71 5763
21 201 1441
44 186 8660
246 184 559
171 110 9424
181 71 9294
81 287 6618
277 157 1272
225 99 7881
57 212 9724
169 180 3345
126 238 4871
31 182 2743
82 121 6685
160 224 5070
284 42 3029
27 232 9318
149 265 1477
39 58 566
272 77 7519
42 49 5990
297 247 3360
65 15 7416
262 3 6415
6 21 2887
107 182 8495
111 124 1354
128 144 1540
227 80 5058
274 78 9247
295 114 7859
29 238 5985
35 80 4807
279 66 5832
182 15 4279
31 176 411
189 78 6921
136 47 1852
33 142 6224
246 20 8170
247 61 8394
274 40 4334
90 191 5611
247 264 986
66 178 2875
75 174 942
31 4 8231
265 2 3495
241 294 6638
149 232 8012
103 237 3675
92 73 9995
75 230 5374
289 18 484
232 269 4095
74 83 5142
8 154 6544
11 258 1094
265 263 6184
191 29 7989
200 206 6659
159 257 2185
270 157 9086
255 170 8318
246 187 3716
128 115 6613
245 42 1919
74 227 9454
19 70 9655
247 26 3401
112 220 6288
300 33 7795
219 245 503
220 270 3618
262 272 5261
119 27 2044
203 267 56
299 81 1674
200 283 4427
256 180 4788
255 239 1930
169 217 5323
59 21 2278
105 234 7480
244 83 684
149 116 8295
141 278 733
76 285 4776
119 278 864
208 245 3993
15 110 8664
211 299 5382
116 148 1875
99 55 2552
100 225 9548
41 205 6477
253 109 5099
191 279 4546
3 116 1140
188 9 1779
78 104 7934
7 59 5927
286 36 7895
99 41 9330
72 154 4966
219 46 886
220 123 2088
143 104 2630
68 57 1444
153 244 5543
225 106 8142
78 230 6317
252 116 4248
283 279 9947
178 21 7597
272 156 1981
271 111 1899
202 22 2962
110 175 6923
78 61 4540
275 189 1899
283 13 2848
272 52 2138
37 81 2381
142 121 6410
172 105 3422
125 166 4400
113 204 2256
209 250 2426
210 240 917
219 205 6695
106 64 746
205 116 6133
43 193 2602
290 300 3560
294 121 3379
113 115 2606
296 287 3519
44 117 1316
171 118 4996
265 81 8538
301 262 2552
55 50 7909
25 137 6282
35 91 1621
248 275 8052
8 252 4096
106 206 235
93 60 8009
189 19 1045
212 2 9579
37 220 9533
239 9 8302
139 255 6835
299 1 2613
102 255 5278
186 261 1402
193 178 2774
246 85 1712
210 43 8398
200 198 1340
105 95 4112
241 9 2706
143 135 1616
274 141 7034
123 66 3869
186 196 8216
235 243 5347
137 209 9190
271 44 4370
138 294 7959
248 81 9950
261 289 1021
41 170 1029
144 164 203
219 157 6000
18 275 7413
197 44 9418
207 247 3060
65 84 5148
269 214 6545
287 184 3193
295 231 5097
93 67 6661
179 142 52
199 252 8675
75 263 265
150 231 3702
179 218 801
292 168 1493
60 44 4149
100 102 2322
65 35 2350
212 183 1212
115 175 8634
52 285 2731
27 215 2047
77 166 185
198 282 1252
255 154 5542
291 111 8258
257 140 7121
283 177 8586
300 16 1927
191 184 1305
289 84 4025
272 50 6849
157 59 4075
239 178 2351
131 235 5720
54 239 8864
268 137 5469
242 158 3498
168 35 7446
5 274 2944
251 214 4047
239 206 2884
282 147 4416
36 147 8143
212 92 7302
179 151 1405
33 53 1279
23 59 4360
62 48 2499
278 90 1697
213 164 8698
284 169 3522
82 122 9781
271 255 2111
281 283 4886
246 42 9172
187 9 3179
19 202 2286
240 199 6253
200 87 3176
40 148 2606
228 129 8169
183 37 6198
107 11 8527
191 207 7052
82 259 7088
125 134 2161
242 8 7681
132 145 4999
162 133 5651
289 226 6820
4 220 9003
54 22 3237
254 156 442
225 295 4251
4 93 3864
222 89 9859
243 203 3334
134 4 8741
181 298 1891
121 156 9759
216 95 6198
200 208 6799
167 215 6333
38 208 9759
172 169 8022
2 14 4063
228 108 3180
202 80 1057
237 89 3044
128 26 4951
29 48 5037
189 250 872
289 6 5393
276 179 1825
14 70 8320
70 219 917
3 190 390
282 134 726
79 8 5986
199 275 9050
2 45 6830
96 299 3668
209 178 7836
75 173 7504
206 291 5388
49 276 2301
66 220 768
298 33 6209
106 296 4644
104 267 2390
36 194 6801
191 12 5755
290 234 9996
45 139 2996
38 198 841
160 24 2241
219 171 1434
221 188 9075
85 96 1918
234 24 7007
173 220 1893
283 34 1645
18 28 5289
142 45 6799
219 256 2006
145 237 5370
145 162 9819
88 68 2232
113 265 7546
162 277 288
179 57 4142
131 16 4949
160 222 8835
2 56 6052
239 21 594
54 84 3680
250 265 7274
126 171 3357
24 90 8464
189 279 1881
111 221 4897
26 169 7330
72 115 8926
2 63 4067
240 228 5351
192 279 1878
110 150 8628
190 294 4172
191 185 5026
200 155 6582
25 18 8147
127 20 3003
285 59 7974
21 254 3134
237 301 5608
91 57 4326
164 204 3123
22 34 7885
121 264 878
254 8 6808
241 291 3011
289 174 9069
298 297 3903
69 109 8904
207 232 9349
204 74 9553
12 129 5578
235 212 8209
272 177 9767
173 8 5487
188 247 2817
136 39 3393
184 177 4413
228 286 9112
243 241 5994
21 61 4245
270 65 9448
257 139 6293
217 164 8952
67 135 6333
25 261 9037
16 32 8055
23 7 8282
3 49 9744
109 50 2348
45 84 9904
74 133 9229
195 61 6823
189 292 4515
185 223 250
300 141 1846
165 106 4865
254 60 671
169 45 2039
182 165 6007
61 280 8563
147 32 3491
286 25 6705
63 68 2533
44 104 6184
50 127 6890
148 280 1797
40 37 7574
112 67 553
92 139 4114
270 42 8538
151 128 5487
222 62 2522
281 228 5770
276 24 719
49 155 6468
234 52 6075
205 160 999
68 19 7545
121 39 9205
278 223 328
266 128 7822
224 154 9009
255 186 6189
251 40 9942
287 28 7784
150 238 7471
83 89 5482
3 129 2129
200 296 7555
16 256 7126
28 259 2590
155 191 5285
180 71 9948
274 55 1467
131 82 4798
3 99 263
69 105 3280
158 48 3957
240 180 9386
251 76 8784
91 279 537
302 76 4158
90 178 2646
171 155 3822
44 71 2636
165 79 8281
301 142 9600
215 214 198
288 271 5660
166 295 5147
74 76 937
138 178 3540
241 131 322
117 171 92
212 127 866
291 69 1995
99 15 7930
288 301 8588
277 22 2791
69 161 6958
108 118 7021
22 93 5118
244 84 7212
82 87 967
129 151 1949
65 10 9495
280 135 3392
173 82 1383
269 61 7658
76 90 384
276 287 4525
77 275 7193
186 105 8061
201 143 5041
123 271 3942
24 282 5353
142 31 2278
63 133 979
260 73 5888
151 120 9016
77 285 8040
196 256 6608
38 272 7820
106 288 3185
39 94 5610
269 210 4540
276 194 5811
51 233 5473
113 20 5927
288 56 7755
76 94 8599
164 137 4287
126 101 4638
240 174 1623
302 24 5531
234 194 7678
296 90 9034
284 172 8443
46 137 3047
207 298 4405
123 273 6159
136 294 6072
80 5 2663
283 66 443
17 211 9808
217 6 9027
78 220 6336
6 295 5327
205 83 1809
178 158 7161
237 59 264
18 159 9706
3 271 3370
16 66 9771
215 166 2108
287 265 7224
81 178 114
290 216 102
189 230 7507
94 118 559
95 117 899
230 288 400
120 227 3952
280 253 9666
77 169 9401
163 253 9868
35 116 4191
41 152 777
110 185 5675
6 225 108
241 293 9290
187 233 6750
155 4 2069
274 262 1359
200 90 7229
103 72 2387
53 97 275
7 91 9463
249 8 6966
271 169 5900
278 69 1657
155 168 5825
119 167 1361
9 116 1770
41 203 3616
211 212 4887
290 112 6914
219 44 4058
66 219 5388
61 139 2028
22 189 1770
63 213 5695
196 254 7869
34 211 1588
16 98 1218
221 23 6283
204 50 3170
264 53 847
113 17 842
108 159 9640
102 207 1940
46 44 9281
190 227 2186
157 5 9159
158 170 1230
196 165 9078
81 98 1898
43 235 5484
107 198 2193
227 83 285
47 282 2985
61 246 2723
1 244 808
117 82 9625
47 20 2283
239 41 2580
68 163 9687
274 106 6172
44 113 9605
22 27 7081
58 56 7242
89 266 9603
179 93 4555
179 80 2645
73 96 172
150 140 140
250 206 3404
167 144 3166
110 13 9267
272 65 8289
111 281 7073
124 261 711
181 191 959
2 183 6507
171 20 6159
216 262 2225
61 123 4356
71 291 9847
245 182 194
84 145 5270
255 298 3029
97 70 1648
268 39 3316
148 237 9077
211 126 6182
99 194 6997
253 227 7979
120 69 7129
290 88 3101
187 21 1254
50 87 6051
187 80 6325
231 235 3153
43 264 889
276 208 2806
159 243 4454
281 71 6008
116 98 7431
220 167 1406
111 139 3181
239 207 5182
32 240 2322
79 25 6738
121 204 8153
278 120 8721
112 232 4518
264 66 1960
136 60 3533
171 193 2214
104 227 3154
150 217 266
240 124 5626
77 184 1180
176 253 9352
211 199 1511
85 64 1456
79 2 9273
192 70 4153
233 30 6996
29 147 9881
264 50 5499
83 32 9637
137 27 191
198 155 456
197 151 5417
100 224 9599
144 51 873
123 63 8310
23 30 1538
300 112 8011
108 175 7335
75 90 4116
59 279 3806
185 17 5813
163 282 6369
243 29 40
140 24 7878
246 175 5310
56 89 5170
12 259 2699
5 197 5402
269 296 2252
125 192 245
222 60 5611
217 91 8144
148 182 96
5 284 3178
275 99 2165
61 253 9130
292 135 5965
195 275 7746
171 17 2179
53 12 9890
89 50 7822
278 167 2545
234 297 8107
211 296 7120
296 203 4176
101 37 4237
64 215 8863
86 153 7468
280 208 3829
35 62 889
254 296 4842
60 27 6862
227 256 388
164 271 4482
5 24 7335
139 109 3075
85 84 5058
237 256 405
281 232 5095
276 116 577
129 272 7502
76 17 1777
252 191 2783
147 70 7936
79 203 4848
271 195 4179
126 16 9339
34 166 8867
72 35 3296
4 122 8451
49 30 1518
234 32 7156
170 275 6313
84 228 580
273 184 354
225 148 4231
149 253 4079
237 204 4089
200 146 5093
273 301 9378
150 111 6093
259 174 6339
146 120 7108
287 16 9840
142 66 340
166 277 579
208 256 4087
135 47 2048
82 224 348
259 205 6517
181 98 2787
273 161 65
58 100 3423
97 141 2776
235 147 6767
111 196 6614
259 39 91
114 215 790
146 130 1560
14 153 8142
249 225 217
245 55 5002
196 48 1591
274 228 8064
189 138 5963
280 99 8984
137 143 414
71 190 3179
90 124 8322
301 246 9290
49 196 3891
96 300 8335
64 15 9821
275 28 2602
214 26 549
218 4 2327
204 231 1012
79 33 9735
139 153 8087
66 17 6495
61 37 8928
150 241 8324
121 2 3243
260 90 2621
31 279 6822
193 279 6462
278 245 2701
89 42 7507
15 173 5838
129 270 4989
127 116 8706
59 2 6457
276 178 8660
83 214 1679
102 219 3095
241 214 6222
179 61 8536
48 217 1878
169 149 143
281 282 2732
51 285 6512
124 42 4463
11 135 4346
198 276 2673
226 105 5289
78 172 7099
245 96 5035
59 148 681
90 68 2613
115 80 9641
16 152 5465
166 203 3891
105 138 2467
205 115 5077
191 209 4366
161 291 4121
25 298 6928
125 288 5181
109 180 4391
6 95 8823
209 85 5082
147 52 7305
62 221 6380
270 165 7220
36 80 8562
193 116 9039
125 93 3590
95 229 7541
173 177 6619
108 95 445
270 202 652
108 13 7526
187 81 9308
229 168 790
52 57 6582
217 171 7787
216 31 5657
263 251 2316
120 174 656
34 262 5451
47 129 7077
31 158 6027
242 21 5200
175 184 6355
227 302 6634
282 270 633
206 153 9975
155 268 5280
92 213 1229
90 142 7385
121 276 4072
234 78 9898
240 148 2081
15 188 7523
92 146 2565
232 193 9465
218 204 9034
183 258 4755
65 205 4795
252 219 8906
283 11 789
66 103 1880
46 129 2108
139 29 5113
23 98 11
62 224 3367
202 121 7531
298 36 3919
17 73 3635
236 141 8999
40 208 6371
158 116 5753
115 230 6538
208 70 9797
124 3 9537
46 37 1644
99 7 5603
145 245 1388
241 213 9133
257 113 1096
129 261 5096
166 183 8862
248 281 1850
154 101 7188
131 21 3610
40 138 4248
125 293 4605
22 274 5131
50 142 986
247 224 6433
26 218 936
52 255 8520
16 71 4470
126 168 5363
30 245 7916
51 92 744
302 116 904
258 136 1587
25 186 7875
92 181 9991
268 62 5210
269 272 5397
215 35 2155
280 202 2101
253 205 3100
255 168 7036
4 269 6492
236 268 8404
163 14 9868
189 286 4149
210 63 5260
36 167 3811
237 129 619
218 195 508
214 191 4995
286 150 474
150 213 7112
235 23 5222
3 181 8896
300 3 7992
186 276 9702
292 153 5077
160 82 4935
173 238 2021
152 262 5433
50 209 6562
198 148 6729
161 276 8643
70 52 3430
30 112 5485
166 43 293
186 80 5354
140 116 9803
241 6 797
242 152 8726
299 257 6313
52 293 7820
198 260 3162
62 291 4237
95 256 4225
104 19 2275
288 190 9071
149 173 2283
233 213 5099
205 4 4581
128 122 8058
259 191 4923
61 65 6127
239 50 8009
19 195 4478
271 77 8135
301 276 6135
244 137 3123
65 271 8166
268 162 8069
247 135 1453
247 63 6945
137 173 4127
161 298 7490
234 275 8197
127 12 1314
164 285 2256
42 236 6214
292 290 9539
121 218 404
245 282 8273
151 302 8137
187 157 734
208 173 6248
129 2 8600
162 214 601
232 199 8367
167 263 8688
250 66 2171
9 264 1570
83 143 5349
281 68 463
212 266 8656
9 195 3738
218 278 9807
171 282 5446
25 249 1302
262 172 4990
103 112 6110
68 145 556
153 71 3568
234 236 9348
274 213 7588
138 85 1313
91 213 5511
217 235 307
74 38 3059
222 245 9447
269 77 2660
283 173 8285
137 241 6695
57 199 5367
294 213 5134
17 290 9657
222 192 9603
57 169 9796
43 161 1060
208 104 5473
180 97 7059
163 72 6974
153 109 7476
6 23 804
229 132 1414
99 126 7376
248 169 4327
60 8 8496
163 64 8432
165 2 3765
272 213 4802
117 185 1804
200 45 4773
132 224 8172
238 267 7344
147 134 5434
35 214 695
94 191 4956
261 174 834
287 75 7965
29 46 4862
110 17 1372
270 26 312
2 110 6117
182 26 9836
33 156 9850
24 214 4212
283 52 1274
32 153 9745
83 105 3959
143 15 2559
39 176 7694
241 64 4502
299 8 9203
107 301 6827
71 256 2784
60 6 1287
234 293 5461
179 286 8786
82 207 9773
116 299 2576
280 142 1688
65 262 3958
287 225 5343
225 9 1867
108 106 1953
103 83 4281
42 23 4967
198 129 8414
275 82 1666
277 19 793
108 190 5498
91 295 8402
45 29 3905
119 20 3507
84 292 9280
26 62 8420
196 280 5556
71 151 6444
167 77 4853
270 284 1009
1 215 1660
141 216 7757
240 277 1409
104 230 9445
33 256 1747
292 211 6660
62 269 4440
211 220 4781
44 238 3621
28 65 8456
217 139 7180
213 12 6213
243 16 3891
109 42 3688
215 97 7660
169 189 9191
226 112 1633
234 125 9628
214 256 3271
16 106 8179
81 127 7696
246 78 202
11 216 7261
142 279 9326
81 290 2348
43 103 1531
22 77 8675
131 9 5884
204 135 4270
244 111 4158
171 201 5161
189 64 526
261 212 3325
120 150 863
166 134 5097
277 294 7223
269 189 1858
18 145 9711
227 296 585
97 260 644
223 270 5615
162 137 9628
280 285 3754
138 10 9126
101 112 1088
51 300 3542
59 91 240
205 170 3148
251 28 2629
57 176 7478
82 297 3839
42 91 8220
13 143 4490
159 50 4940
137 10 2793
165 103 4033
29 149 2903
183 285 195
70 283 6521
142 119 6518
193 88 2959
257 85 646
230 91 8060
43 203 3147
93 295 9373
128 92 7020
193 34 7079
283 292 4383
155 279 4806
272 214 4730
174 77 5776
293 15 3465
6 214 447
84 254 3103
183 203 5196
217 114 3102
52 47 5882
269 166 2382
76 26 3018
156 49 1150
190 296 6697
295 20 3268
49 40 551
96 155 1815
175 141 7660
263 52 9828
75 78 6797
5 271 8722
118 292 624
248 271 9236
176 72 869
36 20 5377
29 219 2540
7 212 2554
6 158 4859
158 95 2776
163 44 3205
152 93 8063
97 9 8222
184 241 2804
259 171 4614
113 109 1741
235 93 1047
162 271 2649
272 261 7049
198 119 7363
204 229 6787
127 243 6123
46 103 6042
176 175 5304
291 99 5720
103 225 6327
11 1 6438
147 278 2904
48 263 8811
272 251 604
208 29 8120
147 130 8047
265 204 2640
150 32 2044
264 33 4128
17 239 8927
237 112 3382
176 83 2485
156 164 1791
218 85 2150
287 98 2227
284 277 1774
148 257 7424
242 93 3570
80 113 9809
261 195 5928
178 208 2940
70 167 3157
161 297 1943
134 88 5648
27 219 2781
136 88 3262
224 198 9513
295 195 9317
51 19 7650
112 288 555
267 9 4276
106 131 6011
48 133 3515
84 117 8503
166 268 387
158 92 3577
35 184 5929
147 50 3258
280 21 1376
261 96 323
302 118 6707
65 302 8521
163 50 7073
77 35 8285
293 190 6925
279 23 5733
198 284 6310
276 10 2420
208 88 645
4 3 1915
81 120 8797
106 255 9194
187 107 1027
44 64 6285
122 34 2110
52 34 1881
56 61 1750
11 89 4153
291 114 109
241 175 1845
95 56 2009
237 101 4377
105 174 1457
278 173 8990
252 115 4216
133 210 9270
35 147 8819
35 244 733
2 134 892
208 222 8994
172 269 5243
7 220 6251
207 222 7494
285 96 4380
81 118 2509
220 83 8671
1 226 5194
47 101 8479
207 184 3949
44 77 8215
119 184 7332
104 43 8314
177 114 7011
278 214 3369
280 286 4166
237 105 7003
47 88 7895
37 110 3672
10 129 8371
134 287 7145
2 22 6952
220 52 2910
81 146 6536
145 6 2565
100 62 2426
81 185 7286
148 199 2750
274 156 1628
283 184 8161
91 208 447
281 164 715
177 287 1232
240 131 9481
14 113 7562
109 104 9172
257 250 1274
79 73 8343
51 228 2382
188 146 4099
39 270 3555
143 225 5655
39 164 5779
97 207 5906
51 262 8385
228 20 1054
210 28 5452
225 277 1407
185 127 2400
158 34 317
189 149 6185
149 261 7580
221 174 2716
94 55 687
194 229 704
12 226 3764
255 156 9566
138 284 1199
101 163 3636
153 119 8059
93 2 3179
143 115 9095
255 62 55
156 173 6483
298 215 3766
160 50 9016
65 230 8100
37 130 7421
209 256 9644
14 101 501
271 177 664
224 29 2819
243 84 5522
45 211 4585
159 296 4624
190 260 4934
255 235 9436
295 26 1384
101 42 9208
294 282 8473
282 20 8280
90 74 9761
47 23 3341
288 52 9127
155 219 8381
14 220 1106
46 58 312
234 45 799
39 274 5906
71 30 8488
112 86 2278
268 167 3695
44 123 1279
63 79 8911
63 300 302
54 250 8487
127 162 596
64 287 4612
271 257 2314
295 302 8634
157 186 7019
205 292 9342
68 59 5480
117 236 8754
13 77 7925
76 245 1829
266 41 1091
269 52 5169
58 117 6304
251 125 3879
32 78 1494
85 81 9493
202 211 4474
156 105 2743
76 70 1451
262 279 8825
90 6 1434
169 65 271
102 121 3068
96 3 3303
300 115 6136
301 95 3874
66 284 3999
50 247 7046
26 112 2322
27 36 6226
178 121 4157
291 33 4791
146 121 2001
14 60 9206
245 152 5944
214 98 9563
119 255 5198
21 105 3560
9 156 9731
281 57 6565
168 49 8690
160 180 9096
181 196 9785
270 255 4399
81 169 6380
249 192 6045
226 185 7342
258 192 9538
140 183 7142
253 183 8946
111 35 228
225 24 9366
71 276 3907
284 272 5254
64 103 264
188 112 5276
139 251 7803
55 220 3314
121 169 4867
217 93 759
260 217 617
20 39 9865
198 176 920
169 86 1863
128 51 7061
38 155 1686
95 61 8569
249 256 2100
44 22 6775
128 145 7299
42 7 5040
105 98 1450
153 278 6072
17 118 1770
55 78 5502
224 191 8013
268 209 9967
214 9 2340
121 151 7396
76 295 2720
86 262 8406
6 120 2337
36 173 5828
171 32 7621
182 268 1295
164 212 9047
290 69 600
115 132 50
297 176 5421
213 79 2400
273 181 3075
249 38 5140
73 140 6153
214 129 959
220 20 8188
101 196 5114
253 165 253
142 149 7416
210 16 2937
209 65 7971
199 63 2754
299 245 3192
218 263 8319
24 17 4539
200 158 8231
242 147 530
216 167 1415
40 237 6956
135 159 3505
234 153 703
77 10 623
76 257 2534
174 139 9087
33 48 2762
262 241 5320
117 55 8649
30 268 1213
54 8 6562
120 202 7745
205 232 2414
62 148 8059
57 237 2764
244 29 3117
280 63 5870
169 37 9283
88 258 5443
138 102 2456
236 250 6904
252 108 3796
177 66 9555
189 236 7676
278 296 202
62 229 8757
38 268 5548
2 227 4937
212 223 438
246 87 5064
200 21 2489
243 94 701
168 88 117
283 60 4625
58 220 473
32 235 7147
189 294 1857
90 204 9744
24 265 1969
233 1 8228
212 169 8031
91 140 4539
181 107 5312
166 67 1746
61 264 5934
168 294 4356
47 203 5299
61 90 3651
10 170 8957
90 149 1205
145 239 9539
54 198 6283
247 147 1388
68 205 5158
225 59 9552
118 185 4611
177 31 146
87 8 1982
289 48 7657
298 195 9912
279 77 5035
122 164 4315
213 279 9231
194 65 6741
87 206 1886
106 245 4606
140 153 7355
224 142 7363
40 10 973
161 48 6541
86 21 1526
224 43 5536
87 258 2489
206 38 657
79 27 4807
282 55 4918
112 233 7193
259 111 9434
28 77 6139
29 96 1953
72 271 1075
237 116 6367
73 157 18
214 234 3657
92 214 3010
273 256 4391
173 191 1166
179 70 8650
162 269 7250
34 280 2507
96 142 5107
245 44 5233
77 149 2821
38 156 9795
235 134 1896
155 173 6297
260 269 9504
302 281 7845
184 203 3258
144 20 7073
286 78 6956
231 209 6083
18 122 1395
276 27 6183
68 302 8465
187 54 1807
265 197 3097
5 267 1526
184 70 6544
75 125 7829
1 231 5480
61 138 7877
29 77 2098
216 284 9200
109 236 1463
16 100 8045
154 107 2366
104 182 5091
175 43 3190
168 59 1987
92 154 2187
266 119 6973
31 104 8882
39 160 6712
13 261 6933
149 117 9274
34 178 6022
251 61 1585
81 291 9484
188 144 3302
215 227 1169
6 96 772
255 192 7362
201 206 3847
173 86 727
284 242 1565
227 184 7719
178 190 4031
125 168 675
245 75 1609
29 85 918
157 40 2344
222 53 820
72 74 816
166 138 2509
1 204 7438
244 99 7170
284 183 9574
39 298 1772
149 231 7133
149 206 3383
112 82 2650
205 126 6557
45 134 2990
5 119 6295
283 10 7238
115 290 8051
201 299 9510
53 27 5571
61 295 5477
59 150 1256
68 128 5589
43 299 4722
59 18 7572
113 120 6102
71 28 8604
221 6 385
134 73 8983
101 194 7699
260 225 3425
214 246 1148
132 2 4041
288 270 7478
64 122 7971
157 212 8652
55 253 5211
54 194 2131
275 162 5328
263 87 2105
47 169 5691
289 202 6040
222 201 2576
161 35 6092
75 134 6428
205 190 257
170 156 9528
145 123 1361
78 148 5684
180 241 7667
270 117 3006
72 6 7987
117 212 3632
3 145 665
278 280 6194
44 188 8881
163 81 2842
123 71 7421
193 185 5651
92 3 9970
233 104 1703
224 104 752
28 234 6575
166 151 5057
101 123 1252
125 8 8932
154 185 6486
231 14 2855
28 194 7039
112 132 9426
54 207 3081
187 213 6821
13 39 6056
9 64 4997
173 52 4873
137 5 8750
277 74 4035
4 97 5792
153 237 9135
66 233 7709
122 138 833
124 24 851
77 192 6997
187 89 7820
62 128 3687
138 137 9771
47 93 6240
66 146 9588
273 109 9642
222 96 6040
158 44 7865
92 280 1029
46 32 3537
235 165 8628
94 16 1807
111 63 6116
88 113 9923
4 127 1430
213 265 946
267 173 8504
134 190 7140
94 257 6537
4 94 5298
126 133 1085
179 79 3085
279 183 3375
26 8 5332
300 222 7179
236 23 1722
98 259 5474
272 180 6960
128 174 7642
9 160 5347
279 110 7153
69 260 8715
95 89 6402
124 251 3090
90 165 9386
130 33 7599
213 130 5481
56 92 1654
112 107 100
159 192 912
236 4 3643
153 187 5110
157 180 7315
155 93 6592
32 202 4466
123 3 9613
277 192 3523
46 299 2897
229 173 7867
209 229 6618
141 249 243
87 181 2721
172 37 8215
97 77 5805
97 131 6664
119 232 6072
151 209 5468
122 188 9857
134 159 2632
87 130 1201
213 105 1366
217 278 8210
301 269 5383
154 293 5806
163 154 3460
24 249 5789
130 116 5823
18 86 4044
63 168 4204
273 228 6135
268 191 5140
278 129 1117
1 2 8727
268 134 8899
267 258 112
232 145 8387
171 50 3191
21 219 5940
92 257 5242
218 233 3906
79 238 7760
193 24 8715
239 237 9351
59 34 3355
59 221 217
279 177 274
60 295 4172
264 125 7212
172 20 7884
75 7 6229
36 175 6603
187 227 7116
25 291 4468
296 130 4021
267 178 5390
53 192 7897
89 16 5726
275 146 5714
237 4 8974
274 241 7817
157 14 6622
180 226 8308
87 299 5187
128 148 24
76 73 6398
47 18 3979
171 196 5435
11 139 9984
236 264 8459
244 143 7439
257 283 2222
160 33 17
80 100 1163
271 175 758
37 13 1313
86 198 795
49 279 9724
302 32 3754
59 277 3515
57 98 5776
14 293 4129
216 27 5691
197 288 2874
286 29 7042
205 149 2833
241 147 3649
151 22 8945
272 92 4779
192 302 9257
138 12 1313
194 202 5006
270 38 9239
10 269 9770
20 92 488
273 68 7316
22 268 9671
92 297 2352
247 251 830
258 37 8051
251 62 5757
238 182 3049
102 278 9058
73 163 3625
222 231 2843
151 7 3684
244 131 3622
238 268 548
149 57 1959
24 232 549
198 297 7398
302 252 9394
7 41 2730
11 145 349
32 220 2217
245 189 5390
78 226 9671
30 253 1750
69 136 9182
190 46 9484
226 197 7278
23 189 9598
126 223 2575
34 194 2619
58 226 613
34 242 4086
231 249 7249
15 168 8621
188 74 185
300 259 5890
109 53 2506
118 133 869
219 260 1514
241 43 1234
27 161 1148
90 30 1861
124 153 1309
214 260 6784
158 206 968
73 46 3364
233 155 6560
107 80 9327
222 265 3957
17 141 6249
41 265 5554
226 268 9212
273 229 6488
102 79 607
113 49 5374
5 148 8232
290 291 2191
174 97 370
21 163 9574
10 27 5856
145 204 7224
244 78 8358
144 291 7969
274 283 7386
182 132 2503
33 249 7265
52 80 7627
84 233 6020
81 78 75
142 225 63
51 100 5991
189 172 8890
69 110 4409
183 110 4796
260 247 3969
73 14 6257
265 39 5517
72 300 7367
297 9 8284
216 267 8999
33 200 8124
275 63 9638
165 194 3066
180 277 3035
111 103 4560
140 162 5201
5 257 2529
245 165 2165
51 182 847
4 279 1323
114 112 5175
254 272 8235
132 57 1902
209 222 4693
244 46 656
263 284 434
291 6 6147
285 39 5104
152 20 9736
18 24 5952
244 227 7979
54 128 3266
115 146 5854
176 140 2946
263 40 7853
181 146 5833
144 194 5764
273 226 6152
254 94 2992
217 87 332
51 254 8559
120 165 1375
260 24 1720
181 153 2788
65 107 8005
247 45 3604
65 52 6954
63 48 7289
281 72 2358
173 33 6127
112 263 1739
211 253 813
94 154 7
176 151 4630
185 56 2747
144 239 4652
18 263 2964
187 237 1766
63 198 3946
1 216 2630
276 101 8266
281 19 5602
287 227 3585
6 281 3436
198 50 8175
93 266 6148
19 57 2441
258 95 9851
155 34 2006
114 106 7974
246 6 2216
34 223 8497
5 259 9053
258 221 3475
135 154 5537
32 152 2227
96 81 1983
66 215 2084
37 288 407
119 239 6962
214 229 628
66 38 7736
299 86 665
138 159 2518
113 89 7611
30 259 683
183 56 3127
92 5 6688
265 156 7250
248 50 7623
183 230 261
259 206 7552
102 198 163
71 130 3241
127 255 1364
124 185 9547
114 84 3017
228 38 9333
9 90 4895
140 295 5860
283 57 2891
176 215 3488
269 46 9429
247 209 9864
196 11 4244
187 206 5778
176 53 9431
42 60 1699
216 291 4564
40 29 1013
72 120 9029
41 140 469
154 87 228
189 255 2582
189 97 8169
114 11 7277
178 272 769
133 206 5076
142 133 1943
44 9 1840
212 133 9864
57 95 5356
13 42 5989
12 34 5262
78 231 472
188 32 5660
265 230 7811
217 271 9101
226 279 850
157 79 5289
26 228 5474
247 269 9751
80 292 5589
126 123 8179
249 288 5571
128 133 7153
118 157 5259
147 203 6331
128 116 2965
152 164 5829
252 169 7488
232 88 7350
144 210 205
16 109 6714
242 89 8334
53 203 4281
126 284 165
69 93 3053
120 276 3972
32 231 239
208 239 4682
39 119 3083
80 147 1864
175 276 4990
26 125 5538
293 145 7897
59 247 5524
139 151 3872
190 118 4722
68 295 310
260 231 3126
158 271 2221
16 145 6905
138 228 1090
183 195 6119
246 268 7480
189 158 5870
299 39 4814
290 276 8631
115 214 6750
158 262 7636
259 149 5421
230 117 1109
28 132 886
296 144 7652
159 237 1665
275 85 6626
180 132 792
84 70 3372
10 59 3112
35 33 8813
175 147 286
209 20 5683
215 175 6536
302 191 3832
125 110 1217
135 105 9249
205 277 2011
215 241 4052
175 113 8639
201 218 9567
101 254 1142
114 183 396
276 86 9620
269 24 2429
74 153 2042
302 67 2161
205 300 9288
241 142 3474
263 155 3348
184 185 753
85 236 5326
201 129 6828
181 66 7327
288 58 6484
260 17 9503
226 111 7346
214 292 8875
268 18 5129
41 58 27
122 127 1255
56 214 5952
209 22 8116
282 129 8177
216 299 7719
226 244 2800
54 226 8274
200 56 2995
165 130 1069
37 113 1181
35 154 3561
85 204 8991
286 88 7716
178 300 5537
191 247 5451
223 257 6925
26 269 5724
260 280 3112
168 105 8619
132 84 3922
286 59 71
197 244 9493
88 105 8938
201 219 489
27 42 6934
13 85 8691
54 218 3998
191 149 8637
91 61 2997
130 118 7448
92 202 9918
282 212 9719
189 153 6572
235 166 7823
139 141 6497
238 98 3141
145 79 4587
262 116 4350
55 178 202
110 8 756
220 163 5442
15 75 1042
57 260 5087
85 228 9101
213 119 6936
140 143 5087
80 254 8726
46 223 7570
204 278 9366
245 173 4723
7 229 3274
262 54 4561
43 142 4276
235 120 6622
190 225 9722
154 192 7241
180 38 9030
123 205 8835
223 266 2454
52 69 1331
157 38 1825
294 122 9346
242 66 7535
15 181 5145
262 174 370
49 92 511
207 189 3544
94 256 4111
272 267 4297
90 79 1230
231 191 767
63 174 1635
265 117 8489
255 256 665
2 203 5844
243 246 4110
48 56 5863
113 195 6735
17 192 9329
130 184 5848
211 12 4610
136 14 904
87 204 7835
68 209 1446
235 232 7405
247 276 3786
279 184 1043
34 139 5456
96 61 8858
23 259 4939
122 7 9062
58 143 344
200 214 7496
69 263 9700
156 130 7759
55 265 381
164 206 5558
84 15 2003
90 138 5569
27 284 6157
108 178 535
16 211 8472
218 199 4586
160 116 207
245 187 3060
10 215 5476
292 117 5182
276 106 2955
90 254 961
131 19 8083
250 238 7081
180 16 6274
155 127 9673
100 262 100
31 294 7245
183 59 8520
158 30 9135
19 151 3840
261 26 5561
204 53 6204
46 179 5917
133 286 3505
64 275 7610
229 157 9897
183 84 641
145 281 8845
62 258 1588
132 260 4774
194 215 455
156 81 4605
187 11 1746
59 275 3930
221 48 4128
110 130 9915
216 200 962
250 120 139
49 275 2431
275 16 5770
83 221 712
214 12 2996
210 14 4029
9 142 6559
27 94 8741
55 107 3654
147 166 656
49 263 1045
127 248 3908
208 58 7348
158 118 7595
75 221 2967
39 76 5663
69 287 3400
300 133 2581
233 195 5637
49 247 4578
5 185 2497
94 240 802
237 236 8165
245 162 3145
100 69 7998
224 167 602
126 135 4877
70 270 1308
252 275 5371
237 100 7805
223 6 8158
115 42 4244
252 196 2060
286 158 1163
262 163 1905
92 211 7826
112 89 5653
172 245 1493
127 294 9
241 251 9286
65 75 1099
144 248 1633
213 269 7550
258 115 6400
181 86 3941
66 105 4403
271 218 3612
88 270 1934
299 218 8931
271 245 7199
261 34 9072
83 231 9736
105 124 5006
29 200 4091
280 13 7220
252 147 2982
262 161 1946
190 257 1057
224 63 9823
64 82 6935
11 28 3577
12 156 8127
18 290 8233
55 195 1431
158 174 8674
54 57 813
186 266 1082
144 12 2608
74 201 5624
36 19 7549
34 17 8780
168 181 7354
148 299 4310
278 140 954
201 255 5741
202 8 390
15 294 4933
179 107 8465
10 58 2270
184 55 9338
3 283 4979
194 72 2524
275 263 9821
91 283 4965
129 145 7693
122 283 4528
94 101 1577
104 35 4817
162 177 215
182 150 4972
143 138 7395
232 35 1171
51 103 3082
136 193 5992
81 110 8015
20 291 7169
63 185 7983
302 47 2003
155 202 2322
54 182 8890
229 41 7953
144 87 9042
99 44 9434
242 298 8584
4 275 6582
160 186 8773
139 163 3654
218 248 8693
17 181 8253
191 30 5825
232 191 4627
198 207 2118
274 95 6157
83 60 3727
249 172 2205
237 161 2040
249 161 6212
122 291 6597
287 202 4068
116 49 9451
272 12 9482
187 279 4079
218 62 9299
130 66 1601
264 107 7170
9 167 8525
20 25 4035
203 160 5082
75 35 9760
289 228 8666
57 209 6840
299 75 2449
103 24 9953
274 266 5389
118 101 6199
51 24 8607
39 222 1534
165 88 804
38 263 5712
25 55 9302
223 267 6479
191 272 2960
186 51 872
219 173 2360
236 181 2523
42 50 4283
112 154 2420
52 145 8626

