198665 1489
88191 4143 895426987
160911 131531 53838920
91821 23540 501082760
189337 53398 635535303
29763 54932 525986727
34483 96294 848056309
165324 117001 209232051
68480 187842 587791626
105526 175418 759189972
153618 82473 959705538
49916 93926 48658540
108744 119844 735462433
51241 21254 272904865
151510 137961 959764365
52973 120252 543450742
82998 69215 844774694
93777 41215 111403974
59347 196963 65649327
127902 168388 972253687
83622 121528 305710439
132535 1476 600764958
169947 108826 894435294
114754 108900 553879196
126119 58449 233237558
23406 166342 160382648
15010 197630 243480522
66851 108408 838948884
193498 54742 478744051
170012 27577 383679046
145510 59346 339033114
185894 19409 639557069
115128 27585 988041281
131282 101532 335305522
180401 13602 265171911
52771 73256 850373035
143996 8234 874765728
171643 171047 955674793
109130 197500 228890501
127047 79298 328208583
2816 153079 483934408
23741 29535 557108555
112711 39333 465146116
174686 33871 172580624
5371 162944 484887683
38285 182611 6805364
35655 84478 909358190
117657 21409 884451194
38270 76181 356849033
89720 21403 614003054
69806 154729 179286024
196090 59732 530109859
52241 59705 337508883
39111 121830 126943945
99063 57674 370176983
64822 41596 205096219
163162 123652 162386375
170636 183741 68995648
71989 56027 625123461
23215 64414 377668398
50506 120989 632299393
39676 100688 334128607
65292 52664 655884802
97585 7060 368179666
6732 126083 398249085
173461 53756 956751000
31156 133971 203167580
68953 51020 454516435
181580 191402 444478358
27866 163776 915065813
20422 52721 913352107
35470 30629 556153110
49072 42509 809127933
158321 103655 483879059
31055 5600 115981539
18018 110654 668377702
1352 96485 632166519
185123 184564 303395732
71636 6191 44662171
40419 74891 943402518
115230 142413 159669848
168426 51291 726311322
60414 186921 629049679
154014 175921 870848857
62302 38815 97263406
144624 95250 362483854
156648 62886 203701724
193997 91764 419731939
97925 60474 791768887
32349 181581 494361589
191851 25628 359072229
82042 144730 683303031
169310 40503 536676586
45768 87836 471802784
112353 195784 236634966
89431 193195 735777302
144136 130836 40490793
153924 59477 280688772
150244 136305 591351756
171226 89329 62608954
86967 153815 830900539
129843 41496 392685548
73547 10098 436211212
153433 26573 974520184
57679 54710 223839756
123010 84703 99336187
94056 8884 571607015
116618 108248 268917442
131430 76756 33717076
130835 172663 534159900
123501 165900 548458376
195570 76293 446541313
166509 51508 539710435
162082 8422 785573027
9827 134253 974906371
144510 133033 154453000
6354 197394 345214601
20219 34187 535128030
25146 140877 733433795
65490 157502 610048497
36918 64237 960618114
20807 76687 524627277
94614 138544 138494719
93317 177465 519635224
7999 105769 839612405
117650 81438 77104983
101055 159949 775188204
90053 17854 753388242
153563 345 199107457
144197 67600 430306070
181974 111673 858359717
26274 193882 569164109
105460 174195 475702948
69635 102705 919571315
11823 171692 709125220
104614 54234 921032552
120056 258 100072428
50497 56579 977012673
20577 132320 222785259
51333 41655 462071869
118564 107607 715213002
5016 41903 971767488
59595 137865 259733915
97288 90730 295781362
163780 75345 996927350
150886 152198 561238980
147058 107345 750450189
174080 177606 467502770
50065 87084 274410194
112204 37748 295373146
42217 109479 41699003
195978 131994 311310285
36681 131955 942577844
97944 53498 447686114
32243 26766 783826200
14831 81993 369550593
154370 77780 430267349
105921 34322 828795623
14477 134398 166596134
148701 139265 406560877
50798 70989 39005836
195913 113533 729479176
67570 105986 461216936
79071 71190 836535716
55083 40575 427934154
25042 9615 317070818
159507 81477 923649716
182753 154934 786042835
13777 75781 588919873
65327 164626 520463313
122492 72844 444785037
83099 99963 482732645
158665 118082 412578099
81664 60005 310177857
196627 174048 311794888
172152 182708 742360297
74044 80324 923663925
10801 36443 542033745
187890 51259 209390365
171459 126980 15990705
125489 108312 495267574
59530 55011 111170102
163762 188791 116057910
147971 142645 559037934
60774 64486 747698512
55533 138557 19567954
51235 190623 598720469
64141 25964 98178774
168984 58790 271675213
99199 75989 89533035
39256 135343 481945834
31184 58368 821319772
115083 99370 9346955
163252 189803 56915099
143431 41005 611425827
183716 55058 988417449
101810 43821 29891608
5820 197100 458908255
180064 21614 950407500
44772 145582 329964125
94451 54591 778781714
172550 139844 130032427
138297 129772 92165697
109808 129091 906219367
37484 79602 661858074
97712 140355 343854923
99487 101709 357795060
4971 26826 46559586
63906 90460 338722292
144657 145245 755781827
175693 105361 215273136
156222 160764 78924188
60720 165890 696463168
55988 33613 928483335
181018 13520 179041202
184419 180490 61891220
198534 63731 673812140
115194 83963 351001320
2000 24585 515166321
130786 133082 57150265
134823 116562 314021319
107066 185812 172545008
31722 96996 857909287
63457 85545 673691454
38185 106410 741941930
123789 129298 738264457
132020 102444 382296086
17435 126979 498667948
17074 57598 767495833
26578 26079 860263001
46343 73301 568438768
57098 190957 964769485
60467 93591 123665498
77864 28011 439169165
175481 185733 145105813
12048 44497 746756800
32209 159592 51528887
80422 182293 872688914
83260 15717 687406182
98257 23682 935533536
166864 143284 150865342
136859 99965 278343413
174339 140155 88290319
86836 93968 310632676
29915 141005 804273778
17126 116268 837155911
10880 148364 493217707
72072 41172 840936494
167214 167068 676396933
116316 2840 550503695
319 19528 456674590
114231 28876 179677383
121320 11130 42438254
123342 75327 794065638
91214 43384 935706998
9440 19222 752453196
27655 22966 47386226
113253 179029 951484998
156899 56192 982692684
13412 192457 570722471
50703 158842 420622865
38022 185649 323453774
70097 61506 37292988
192567 139074 708854227
4854 32382 756251694
80360 21339 871404201
171740 45239 688664718
63431 95889 393783758
67203 107853 248249895
49953 80446 107995473
12957 126089 69254819
73477 49163 18071456
178644 66487 429784563
135771 97150 214570258
78972 46060 862988254
77725 149508 299545161
136147 23807 976781286
126038 7934 560662726
58900 195195 96391959
79403 108059 709709136
2038 121686 900225883
44557 8509 618211297
28902 16822 810572980
183758 161487 248995618
134727 161213 21307838
114091 180105 279665741
103087 192564 393043205
71032 38576 147913892
168582 179591 121289030
32081 73119 604270144
123601 163651 313593547
162352 41753 946884292
142411 29691 651848053
189710 192120 537777145
190868 193804 595603775
83431 117717 401632603
63407 124595 704181318
6730 189059 313248602
174496 140406 467708048
168364 144415 415772880
181167 142905 586351799
48950 116501 764408090
21480 60180 231546887
145637 104191 880596627
107051 160616 209136619
123385 74970 795518011
26701 93533 982031100
14599 165765 616784708
64406 188038 974395276
146653 195918 46266144
140408 63127 309590528
79802 93311 277693378
151277 44029 341935210
168775 38712 448761745
190725 104642 691751517
138688 151375 470509867
67455 66847 854002219
118451 154430 631150437
19592 171611 338286740
7128 141706 523864438
47453 136660 284549216
77067 3967 120212245
143880 144029 904201371
129364 106495 45024599
164415 158381 299285735
121328 126651 340242861
70638 70987 781260889
28268 56105 343001821
78659 181017 40846248
188376 193116 789073327
163983 176128 76302589
8200 152134 50129922
27955 5173 877625257
175047 8956 692337369
101955 179959 42204785
156773 111311 222313349
83030 182227 746151923
62652 32393 753143023
172463 131555 709552323
49154 33381 773264062
168622 151949 212452891
182145 168616 452876516
55303 59158 410187916
99058 30136 905950614
36120 7569 303903600
160460 90376 470008596
91999 38627 695021881
125879 33371 770407325
40336 113141 724946036
77705 119159 184470330
149726 158393 497133736
154636 144376 16152498
192527 160463 769253759
151249 12967 366938251
66603 141311 729391254
93073 165187 596765930
159148 56918 342106486
71052 93165 490158121
174562 157642 555510812
96775 82382 490668689
84673 77696 414470276
85827 179935 923247993
154412 43161 360865683
131455 140527 437544285
80372 133922 152535056
170440 93573 809549561
19034 151671 51403347
150340 30876 723581320
132566 118662 962605164
185324 153529 704180937
122424 108042 395634774
20290 188895 389720959
192037 147220 496437698
15786 161711 374582757
73036 166040 986194264
121543 83337 863413414
142206 5553 667935923
42375 180193 166107693
68565 169185 720070331
158928 152675 726464944
29188 49651 207803929
178261 108717 617678143
27744 24773 460882167
164700 166332 232971112
103861 13967 271369922
120485 65029 105890408
160775 7214 484335515
79418 79636 195228827
139550 83991 295852523
70876 98441 91081090
56826 115510 356908404
10389 9111 63647075
90736 124722 653685592
100570 108586 4154243
147603 191058 487272849
57248 33270 886030917
23673 46305 762538295
177392 80113 672691941
82636 135077 802292794
892 125098 752273083
160949 146039 588098265
61699 144742 483465296
112581 125791 251652529
157155 169070 666582105
87105 19867 134771352
118344 27413 327012398
193418 177903 187533033
74135 80877 858021827
180417 74976 240369516
84175 93550 655016533
142125 158134 464460798
158401 49574 215360399
25531 175852 167743621
72139 79969 854927711
55028 49386 280331861
176246 124194 844076203
142255 177787 523007099
95362 85747 320529310
140838 147285 762850799
129641 107792 883590520
91267 57539 259321988
25170 118411 902782036
138598 151038 305427861
87142 4173 306056265
99293 96651 317064594
60932 31819 466151461
83569 1505 500160665
116232 164259 143278793
77471 53160 911147840
59408 75708 255156100
191775 45440 508527070
129145 96506 931095357
32042 72668 911727779
24235 151291 858828597
87199 40351 363182572
168262 106650 386701652
32942 182496 593538731
82332 113850 950926389
154776 26423 998881395
136072 27493 278463549
113223 74661 145096902
82468 84644 573895631
17390 84166 21009213
151310 64167 79469997
21078 36902 973299166
28716 30469 739600113
92713 125609 583819208
144682 7550 982967518
17956 9727 317050549
198081 104202 984430881
74009 11898 569183799
69623 124204 615176967
60746 188277 370775513
5582 148048 850356017
155020 14829 627630438
6113 11835 278915587
30314 158371 104711802
159078 22871 383083801
55318 91313 802710716
82576 156239 753651742
14982 198398 378453085
41056 32912 185459430
21361 59485 709947723
103021 56078 94293890
98336 3551 153654590
182377 170773 288545628
38403 103480 105224174
9089 122360 482780973
96790 72241 690641294
182549 99581 816334326
153092 45482 604893033
75661 73565 457606849
148449 38710 472066025
104395 161470 303828344
182265 167431 828096580
142208 70834 466734879
187899 138035 954965405
155905 189371 576959700
137423 132974 366161251
117248 136948 615760496
41797 24669 111854696
56623 110964 808077347
39585 171674 857250717
150216 68382 974311973
41056 141920 177794264
11337 168699 812371453
104227 141648 47697986
4637 20956 1219583
161653 160078 59109406
63587 156520 373632190
140752 172243 71692288
14114 63145 500663347
20748 87653 806848912
21959 118966 771667385
127192 127764 720361485
88647 140292 858971797
194082 91569 556008164
180301 54495 516580388
93951 57137 74065438
163262 133765 826838069
103130 19927 490599922
160142 145005 963549414
139048 191808 72971182
131870 23215 373104836
18434 136291 649930276
187150 61484 5160795
120987 187581 427880845
120417 116328 885974835
20139 142344 104026003
96381 33260 377910556
55578 191642 797901610
156501 73602 948651134
149864 71379 218044368
121551 16511 671188169
181139 62042 728796371
143266 17577 715035492
180974 174874 867882246
64158 17249 860686271
120056 17332 720985282
127053 197429 595202583
128247 183298 826275397
127384 73091 497925572
168104 157280 30788713
191594 142648 137682999
168287 180147 278198420
112587 171626 933215923
147993 137919 56566329
170610 22488 799450529
75124 142444 119040016
81495 97361 946175300
173668 193430 354679722
87634 5540 234669505
7611 106466 886027512
53141 93480 929236472
156263 41447 323636167
168523 114409 770149270
132068 53082 224036693
120405 12062 861224120
18876 95528 20737438
12442 4148 116166828
8447 119867 579132562
142310 109946 791808754
101017 48351 26191728
62872 12750 933770837
148953 30479 902681231
158705 59171 754351388
40925 132436 782126658
79687 16334 448856090
92200 115150 782044926
76935 140871 181575761
180113 69201 896715611
19253 181563 748487155
198454 71362 82508982
171034 192752 498287836
24460 37377 908003287
9874 44461 504304565
175725 117268 691940677
21533 107738 788924754
34359 17491 285616494
78582 180922 37043417
10615 166940 598163424
12301 48920 191016398
64952 1262 254784094
116262 186622 210134070
165549 176988 572959961
22834 46914 395496149
194971 175212 49501691
18308 196627 666060690
61476 76800 268605061
132294 55664 645365970
38202 159274 345181667
89404 174159 113682012
145677 132506 235437824
1089 170953 885792263
25984 154246 970228301
127286 8102 531595693
112663 193112 114826775
53576 23766 861418120
144560 52748 688074226
112292 80523 329122572
75947 36164 919438082
95088 58604 542517793
25985 121244 667637555
39611 195999 660818533
50836 37643 711211516
13098 180756 974737553
103529 81951 383909894
62424 156080 381122233
101063 66204 417139489
5900 149032 162852586
68638 2765 526511339
89928 102823 591795394
70212 92080 546634191
197485 128010 191653596
7659 3223 267655333
37049 192235 853869320
96152 157266 342001730
71883 171097 642293011
19967 132547 540248127
162368 117129 705941357
96763 172514 774508779
178533 60778 958879348
167702 82043 976347473
158349 36945 496994306
18420 126776 480670968
137829 2592 431042147
118874 173347 350537900
26988 87553 415318960
176752 18313 305576966
69399 93643 606313030
167335 156747 596106023
174936 47074 781487585
89492 180951 424104196
27219 163383 302216072
132458 105488 18821222
94016 54855 546337889
45426 124001 624279138
196302 148713 676012019
58290 13239 386788040
135739 24408 290715022
75319 2635 207344573
98065 144225 10398824
57434 162705 128249432
6427 193088 985186706
105965 165747 22481381
135601 153684 372881021
50699 50846 42885373
157504 139741 624069245
92164 120753 407079688
123395 158679 497496296
65347 104957 649291402
147268 191125 505242199
142617 103926 79686160
41945 9872 86230725
194852 166482 228093301
183996 45959 686686690
90574 23750 722369690
150568 169590 489083599
198334 119956 667427399
55846 56709 665310114
105857 104434 715880666
119578 171951 382485926
21447 182468 484056561
9795 98033 445997352
162834 6580 908055469
107101 120581 11433229
145294 51065 126149152
80582 10968 657568938
8187 195845 15762168
31788 52932 144484915
57646 185997 620821784
73134 30451 813735367
20379 37997 521502605
84804 134647 710509846
47200 173265 447985635
50077 148298 857709962
91094 69509 29948731
93492 186774 96195208
90969 71708 310062155
131 138076 251282345
82676 37714 882558387
25498 139026 352237371
131565 30629 169408973
33189 169363 526741950
164617 12 308967561
48644 171575 774047077
118034 183753 559071913
101741 74927 157134977
39620 121880 300818972
72956 123157 213289720
100097 114908 67981933
56980 54728 483673054
65400 167762 324929449
115812 60434 861211434
47026 132514 990408063
39023 181749 601125600
128252 95726 600513612
115347 43982 180706462
178664 171587 97817484
104648 28057 326365682
176914 176704 580922008
10587 196387 713750163
168857 198563 785431470
131296 185978 711329025
61051 116753 809383978
48474 39388 94614612
139741 130539 842929108
101838 36341 660675007
100699 45971 758098493
60062 153549 305099111
167029 55892 825872951
55583 47884 563415373
36564 182397 162211071
5448 32205 420167211
76042 66132 509330860
66523 130410 342978172
3758 89792 627426572
108621 52973 249696245
182197 31116 424106738
100656 47494 580570298
93455 120722 156544481
167827 155499 644539945
31040 27888 769219256
66882 128966 760268368
161280 101731 285252993
173193 133565 996622679
22990 29459 286036687
85239 86578 568562044
19359 127162 597220859
97059 40675 496066107
129089 158076 359211738
112702 188480 586289889
163027 155261 140154608
127229 174512 390819709
15070 10088 877950988
85911 113685 321018188
87616 105071 612238618
12616 123710 518276542
28681 71175 314319324
141404 191007 384429096
63630 11518 338774153
184714 161627 550012355
170348 183735 1724471
178696 9737 709141057
178771 110310 963412072
136235 66136 869025003
55431 64108 241174156
30504 121068 466358765
20700 57546 348174217
104461 38428 49716163
18892 78806 780634044
35299 101271 303465362
29003 95721 817987355
148921 2617 897654607
194044 50051 254323484
85455 95501 491592672
123719 125105 854959064
137376 194041 344009047
55091 4841 297746311
102160 76110 320559793
43475 155988 538974154
37645 103508 200816176
79043 100435 456045958
35414 162905 829647166
146089 57324 885370686
189 154483 294254856
118708 54336 648643727
57543 158619 296150923
58513 22587 518563491
127253 64378 326620171
77951 96212 566820779
136072 60847 723688610
193348 137011 735737239
986 49169 740866911
68826 110489 650942360
154744 182687 17315672
4456 147223 81330275
9279 57402 292723415
15708 59053 602827199
2164 138353 265607010
50582 35417 53507044
121501 66152 465266180
85562 120297 809904926
4655 138278 777687564
158007 125214 781118971
106625 23455 80673262
51366 52525 917989012
161175 186726 351638385
119344 163828 894704794
6884 137163 960679876
18919 89139 654909937
70771 4031 847472583
41878 183586 171798115
80469 112247 88444747
109480 75985 612511704
52061 180271 392338316
93429 149972 395785019
35363 139373 246469777
26546 86331 633067021
192453 127985 837842045
36799 34119 851236232
36702 113141 884243509
149243 162251 422948034
168495 152632 401827746
191500 5203 955911980
159880 181914 52542504
15117 52219 272236374
132864 49670 644214600
137792 42578 636351505
196344 190697 577433057
121918 147281 250993243
195935 184165 849766082
129022 37285 359888584
195404 3714 611268119
166514 34705 420040037
164557 147904 291211300
38191 47805 224325021
22153 84695 257564049
25130 43815 399202352
6052 55611 779478572
178270 47016 421558869
20563 131513 783299893
127426 120198 848999783
90238 157195 544155492
44365 171090 273417599
21865 5632 550113852
128847 78801 423665137
111834 76303 539244774
103399 136755 941101905
189952 11266 632468026
185960 19304 43231814
50747 7187 198384393
19187 88404 159790319
96906 148798 186115511
184784 43013 596117737
55956 536 785753096
103686 28469 929334039
50025 111977 2105731
142729 83360 243077171
38415 142051 852035461
191268 175921 403086877
113047 164159 665672842
186622 38824 966129844
127493 119836 20592898
156434 143337 245400075
60328 155970 668588984
8824 192388 182734572
1326 21895 451511892
72925 110550 765729614
114168 130995 243351976
143271 147307 801815750
159416 25929 609846413
51008 43788 717847981
148481 96420 407932948
53982 111907 886603641
58050 19277 117559662
120771 161151 32870767
41190 124062 87912541
127887 88678 879875557
188294 61010 656684494
90110 121887 402312003
95991 92552 333413613
92391 169575 365881167
69203 140603 876238349
9903 21237 10029029
31637 141979 544963473
53234 69704 59493595
177723 144560 538340926
168562 151713 767870618
158571 42855 53491138
37977 72360 42017255
1915 173412 891980828
84027 196431 238949300
163033 163467 971804229
132237 90020 257156043
155725 131227 862184414
89859 129031 374308795
176016 184779 108300661
168480 153453 497335777
137383 127392 247880380
148727 63123 981378231
44843 189467 617336759
64154 134226 253572120
143301 60996 109209857
45882 198383 124556674
15410 169594 551319864
154127 77595 422778593
25637 94612 598950331
144203 10363 171840953
28574 103905 575190400
98671 179512 453772134
4590 52353 590366482
116196 129250 116341384
101141 191517 582024542
151723 40149 956357844
51660 152985 738599226
61874 59887 163026537
51662 73535 547722469
53796 30482 762989052
99015 2325 27309746
160539 28225 399344272
136622 87978 483030183
80841 159941 210261905
139842 88962 383296344
132381 196003 963496994
80170 55172 212892316
26698 145593 746895308
37925 96419 819757985
113612 124098 131891721
83944 151935 910240708
57707 175997 459517161
190699 158682 134840627
52784 17325 703896842
8764 27250 498850009
136295 126509 856044280
1834 9806 125552832
61721 117891 445847104
56247 173973 517180435
116160 95654 577525582
73820 138452 299984523
151175 20548 11444373
131454 117526 419843780
166644 149092 48239987
161618 180886 349106993
142957 191842 754746463
67949 124657 249379816
130580 188953 297884845
107320 53156 146401653
39698 183671 174679460
146060 64716 235927309
118944 45109 478717791
142043 163936 489526670
64115 87430 773991246
70353 89404 710551218
136423 89154 124732364
59347 125431 366426303
151548 84360 216807341
117515 189205 34385161
149643 133465 384616887
111691 159116 983735245
151032 86544 280447048
195407 138486 327518738
79012 95959 305557400
105069 196525 127009900
180688 74826 6080870
164506 87979 226552412
35489 150305 527077379
191186 127857 358937870
178777 69580 86354085
138665 169957 856744482
49400 80392 835409756
26202 141205 430506260
64956 119035 670582416
148493 156922 937255794
250 58752 212037888
156887 36372 906457801
106337 70199 766091079
148831 151342 658463198
3162 162916 869453069
3218 163311 992480958
88611 21564 110803384
32214 26093 46564758
66359 138986 420271314
162393 134322 714772874
43757 190238 897066590
141568 132300 392815526
60085 171088 595173081
12759 74777 406497190
59109 176599 890001682
9780 179869 244197382
23952 2656 531032461
180790 75393 141031318
105985 6725 732302072
154925 87113 60394949
140759 73293 768864134
44178 85219 716305165
190700 144616 471361604
72524 42668 45775339
15847 80783 437841140
177713 189832 129884988
127533 135946 920105760
101157 48578 721122396
72180 115208 786556076
56728 74893 723684367
170510 146971 212073138
158277 86705 43924608
7902 135826 18378901
56555 133752 416740146
117018 44088 301943165
33963 7003 106927271
9929 153174 149571394
77137 28561 517919083
9390 90359 345149793
19054 6863 453984673
67213 193089 89988679
61724 108589 272006124
121108 176026 92566571
107383 26604 909463868
11086 147113 742357913
98984 173623 722552158
52260 97596 996645299
7134 152863 933342774
134069 169600 946332797
113591 145706 253992104
171210 196447 903212064
189503 151281 915524319
89592 78462 993948290
128039 97172 369773193
20003 161939 368828669
20548 61592 518911279
96994 57058 480228181
45059 32191 847408742
37498 52348 926166810
64556 19850 432912003
91942 85652 711920392
41353 198199 93915913
160869 106951 553438267
4197 135010 775625955
168011 20465 525811826
89836 22840 467516694
15152 51154 844164623
110088 166146 56403098
167884 54918 118077923
112002 185497 27038667
93927 44359 460561590
50423 101941 374640935
187892 116953 566423582
107175 160375 899501938
84181 53534 876073707
95736 77210 631018421
139093 19957 922878246
109527 13298 648551309
91451 3140 59963780
187573 102051 287832818
28082 119206 98648218
10053 192331 198489265
28111 126955 864194060
24653 47005 958076720
110067 67341 446527364
190034 19790 158079051
107681 191551 130692008
109932 50764 162289752
188274 14625 70260912
10437 73002 827244031
127245 149789 163465287
103949 98209 655996123
10924 164733 34472843
183507 3483 238117327
13305 16521 83998991
88297 55182 169077555
41429 78318 82225931
70868 39440 99736456
111808 60149 833832722
85171 67764 918643981
75273 171007 316113391
42468 164226 167440564
150280 103769 614703695
105404 177020 575433576
130099 53168 256592622
161925 81719 779776861
41901 129786 201468304
81846 197751 121334129
77112 63814 647304287
23911 46838 818409700
90158 57941 486760775
75472 122289 545698590
132053 29425 421071216
22626 141458 403064171
194590 168412 621420318
163444 29641 863236763
184687 93450 311813212
3403 77835 69889341
131325 92858 299224245
180656 177162 428260740
155354 70453 463658899
6483 133753 195193692
58620 122878 296399906
95368 188675 901687488
197238 31327 546143633
42774 27383 592732899
96094 113603 903617543
35773 162166 123462853
40771 75313 393682554
132173 115146 480872535
168822 30647 660365589
195835 135023 290803245
79575 182396 641411078
192326 80223 376264545
68494 81509 18324417
148715 78870 185724841
24454 195198 150128277
111026 151869 399473148
160574 90179 189437238
95125 116599 610899812
129732 103827 831612433
74718 70342 569330129
96305 66925 426306365
13542 6357 335529559
167899 103552 314152883
134127 186297 169702924
163533 9724 770190741
145046 56611 438150499
190709 79985 246487687
154417 107021 763058835
149108 4866 615065389
6354 194369 969573284
93323 36379 550309629
172336 53308 490831323
25588 30749 923708755
182129 154777 439726494
167142 38925 526373771
119009 56227 41445413
4871 55483 623543903
166482 49996 547572409
26069 191278 416052188
1079 144047 408602683
153961 16880 888408289
28599 116805 562490247
113313 107033 873351686
10021 54627 355690956
127701 114708 514596686
189327 7454 738741267
25891 151981 176554548
29357 197169 869217175
28632 78453 355518167
28383 44714 166134727
58903 134879 504964621
167573 122814 699821423
192013 30646 592674661
15994 72122 317772152
139282 155265 202324359
38291 192976 45832439
139210 153465 984353451
77183 187929 839928472
198454 133659 679042853
148690 66796 331559197
130480 144981 47607146
195868 117394 803352424
109951 10285 552751430
141880 152692 442496847
157043 183513 837796526
192392 157459 778024793
66988 168727 137664703
105270 122835 457969910
81446 129915 516627868
45371 103525 777259272
25978 91433 419408417
65590 115428 367610476
150931 70538 341694748
134155 5926 377833304
36059 137324 679613451
132174 194756 539519609
105212 31387 417401548
179127 114963 174881406
126383 32303 989358369
17102 112331 488215753
90540 153781 935007550
198021 178817 313811432
156962 30415 543413301
132317 7520 601458227
163689 30235 201318339
73913 78213 621686079
160285 154241 253027808
72597 182151 945605926
26491 27685 961852860
157655 112481 742290172
59343 131385 881320326
120891 39098 441388351
31534 118077 578761226
8305 162950 568246858
122254 183261 213831431
4327 140713 196424120
65275 181780 842347151
6241 158906 343224602
121665 53748 383071898
39706 50925 788209430
146821 88822 245848001
127392 115231 279766085
42208 182604 189439097
44816 84438 116218411
141825 172928 529430049
93171 122369 271486485
60662 28892 268255458
16863 50348 450144181
47544 18605 337869463
166164 164903 414394836
184322 156211 187836056
178067 71112 666906776
32515 114975 480391718
154809 83866 300111522
613 107763 197538258
51895 151793 548864631
185269 27424 5142553
20586 95421 446480288
55546 127135 507997669
87944 137055 668160875
176502 128743 291908730
86780 95295 752521868
197549 9976 817237976
97138 11439 564443495
179980 166332 765150937
6142 198375 527256893
113951 15813 83169432
20853 183400 311422413
86402 132175 306135207
64773 25411 308978399
84274 21983 990035751
31775 190339 967210267
178598 80912 887227440
195105 140479 44819254
157023 195619 79727510
87234 20648 612224151
1210 156250 691523980
117187 121509 740586463
22972 109559 241736173
115720 13915 966353854
59150 118946 617601837
11457 94645 984234728
153297 96063 712723007
75513 20953 783072752
144860 58716 585736459
24916 1968 420669722
38618 122703 492856452
85085 35790 474246224
25129 174752 387492931
193208 153660 193916213
94167 80300 179537483
70826 69436 853988181
73233 173763 775005613
29089 33244 704313160
44878 81561 912403962
154291 121170 44546117
89948 26865 609058048
115709 17043 57166539
162543 62759 115594684
197276 182588 330670588
21423 119553 559584701
45299 124538 481191555
160994 139819 156873969
169054 3219 647728789
97479 129438 214893255
136078 19216 808813390
99426 153884 762570863
181491 108469 326707612
10162 46892 575892067
59859 127053 364637428
66102 180093 645751233
44134 43105 791607299
93522 55729 376966030
80954 51905 712303167
29989 79444 361725344
42715 90848 894180181
143160 14331 236854828
109820 184020 179352712
144435 83944 904966906
108311 89695 767330278
183165 180573 936853818
44295 116435 441804954
162371 165053 819675515
182816 69408 517866446
153575 142196 407779660
90850 58679 108989959
134448 119683 989799045
9447 53984 513547100
101034 111166 744853336
189685 171354 348881605
69246 45374 817142866
90491 114122 524405993
175952 161518 113303162
157998 32460 664352041
51255 59106 91087857
44520 120630 164582098
146780 49110 677371134
22731 67421 980635107
159546 13949 791597444
34209 52123 426427104
160398 158375 174148565
135693 183674 780737544
3330 169883 8425107
156960 77406 636172885
174989 24770 638728
56016 92650 868791037
168222 119499 990385359
128286 178971 467133952
166637 156606 832229158
7904 171050 259365262
170822 67372 89961607
40175 135866 869864786
46383 133458 490480084
89596 130546 902025879
113177 16176 13195507
70282 115011 832395974
52682 23634 581100312
158720 151277 314087612
150198 163 702217659
11150 132596 483402444
179148 149575 921469362
90499 193215 99239957
79119 165290 476974565
130154 192129 773037678
64247 172869 500222068
132720 174538 94929795
68405 79465 953720178
57001 166505 639221489
104819 140900 532611985
141360 75699 222956562
94770 75892 621552015
70354 78465 175091004
138298 130637 724148357
3354 99410 283273559
121178 122722 542052655
116134 158112 492343848
136107 196235 623707149
119492 32548 659720727
153811 21505 524689144
147071 138910 316424005
97911 143067 773520302
84411 62368 636567486
66363 37521 295873431
87404 172122 544069974
131302 41429 741233306
3788 16793 88197837
29570 51021 286123646
168853 3916 69060982
18681 24665 927410700
152065 177133 918829442
115859 91051 285109425
15392 165499 639231349
135162 14919 253109436
41448 103386 934984083
10451 113046 691391878
50194 73661 692560063
167050 156145 791716943
139686 64707 26894403
80068 149297 26679459
105168 87225 11709109
27873 35154 178738300
137691 85706 412385863
113565 155627 446084053
38753 102266 624051722
64583 139515 551059349
161479 108840 307738702
8114 115667 553276051
147019 178424 648288124
82310 157122 93612932
185757 63752 259606259
142979 22377 363049123
182982 122823 690268904
67227 137980 53613537
1275 27853 586794375
84793 63121 175559060
127686 39959 555829205
25697 197305 965815745
97019 51322 727987653
120249 48092 820266381
85903 24275 519273350
73182 17634 898612497
99673 9348 351403684
128736 87799 16213972
150083 167863 274676305
81182 74495 96240791
157353 14466 399473798
159180 86368 148589980
91971 56907 882977074
6652 61356 627544124
163210 101394 857883415
77337 194606 94498662
108968 94206 390439667
197800 175787 710151540
617 131711 883679419
180224 60489 997465162
8057 166957 592390691
144348 123886 802295153
46420 76745 285644696
55358 48937 395129982
171296 1745 815134682
57770 79432 899329482
67431 57425 957464871
138467 19991 950281797
155567 178900 971116372
26371 36752 530074861
22740 186760 949610878
184516 119381 40347063
5761 130501 326183835
85365 13557 574642955
112880 142515 483961601
91362 48855 303656061
18830 49257 928968175
16646 154259 582592169
147840 86219 144875777
49645 21344 322761549
115158 141875 570828680
101133 118342 570666503
197923 134532 111964346
143538 1643 276368807
195527 43504 784221669
114137 92499 468759969
156249 166070 49432475
27291 41839 64590796
90441 105097 901267550
43339 9362 605382937
11084 49993 45365204
23920 81549 682722588
112953 87017 808493114
194136 34287 651119685
184881 179087 324297485
157395 103045 554046635
31613 18783 344295473
115970 133077 769537439
195678 129359 835486372
102736 3506 391672472
82844 150051 651901984
61335 83951 628485939
69293 40484 918953637
121306 128348 700017229
89441 55104 853286458
67617 110550 834343494
171800 19091 535288375
68106 11915 775583725
136406 172875 79168965
147388 190141 461572774
153250 97427 369047055
63660 110060 641784404
138772 110925 854234213
32041 146052 950985782
119902 81534 625304223
181967 139120 574740232
20575 10721 664498298
139910 132745 830285808
178671 95107 500531710
31257 45385 492431891
193706 38205 463373394
45911 139894 167830867
72304 10868 957107764
725 37567 782015988
23487 181148 272110297
60245 62249 441006250
147667 34018 251658471
66036 25943 533934824
84066 126328 77494145
54078 30938 341492428
106122 74752 903353907
174560 133202 414569258
180009 163687 208514900
3320 186909 960054049
137490 10934 470324601
17125 121579 872334775
172426 24219 599627341
193666 163914 816134664
96438 98785 296103756
47469 64671 870049519
30547 26348 831891320
41751 134383 281997482
149018 5761 778197490
113613 31564 589040923
21375 21744 811178731
54120 98161 800515906
509 4484 948411880
163802 97709 508613
24974 14216 622816077
106395 67692 567174212
117150 64860 398679753
162609 33071 324365006
107125 136014 738145910
161642 29100 545914996
109373 50388 618984798
117558 158930 659881766
140012 171479 741531091
89790 115438 890339186
12645 84645 792488858
106908 128434 241983272
97778 191285 967972788
130269 83705 139850665
11950 166377 408669015
56995 178578 505530748
80547 74945 121421348
90128 160696 160786799
51275 168738 340297002
187738 34143 691946547
128379 8731 782023867
36131 44658 590958381
122054 73660 484855104
132814 187445 143896620
113092 43057 279280292
118051 31077 963907967
105824 49031 525442973
147797 16777 747057129
55685 18272 494479768
194986 106425 251323003
180045 192376 344873482
155921 89338 231247099
79625 154090 701934269
134740 17941 824659328
179239 197401 95608293
92837 166801 503176624
48919 71054 24428594
5952 119921 757365681
90075 127691 463804815
97637 133992 685729066
12794 158070 337195536
8448 44642 112603516
20062 35834 446612159
95883 195407 571792022
17511 163784 198304857
57774 131651 915232232
179755 72269 78931118
148046 182791 216884362
100167 78635 789192327
52589 133125 695918833
125142 106727 38690704

