10
67 19
57 36 23 80 47 58 69 19 26 57 4 2 78 74 29 45 95 38 10 25 80 24 80 78 3 67 4 26 5 76 2 65 2 86 27 90 41 61 39 66 4 78 45 18 88 20 3 41 5 70 6 26 6 73 71 33 49 99 33 40 27 30 35 57 100 24 58 
26 52
81 63 75 54 74 6 69 93 79 5 51 84 9 25 97 59 13 15 28 85 16 97 62 41 59 12 
7 44
12 91 76 21 63 55 67 
99 12
24 3 8 42 22 71 38 63 66 96 32 60 49 82 30 77 81 75 19 85 28 51 78 1 37 40 58 50 21 91 20 45 5 98 3 89 23 14 79 56 81 99 39 96 7 100 49 15 43 46 74 76 75 66 61 26 59 68 9 69 51 91 11 11 61 46 30 5 100 88 45 59 21 18 18 20 81 69 87 76 58 69 85 81 40 28 16 82 13 73 99 61 75 41 33 84 62 59 75 
40 26
34 46 32 36 47 61 37 67 11 54 35 76 22 88 57 89 72 41 53 25 87 22 39 65 73 34 34 99 85 57 59 43 46 75 59 5 61 20 33 50 
68 24
29 11 18 1 94 57 15 3 17 69 74 50 43 10 60 99 87 12 34 72 9 100 23 14 60 44 58 87 80 4 82 88 27 17 34 96 16 2 73 93 69 27 62 67 62 94 37 4 22 38 22 42 72 50 42 64 67 63 76 79 61 41 35 7 34 18 74 91 
35 80
28 56 12 23 65 26 44 16 51 17 15 4 100 55 77 6 62 67 5 10 59 87 76 83 73 33 53 30 31 54 78 90 18 39 95 
70 22
13 46 57 20 55 33 94 44 55 49 54 75 36 47 76 58 19 6 12 1 10 29 90 89 52 1 84 85 28 35 72 63 71 24 31 22 43 70 31 13 93 47 73 7 22 30 22 1 21 37 94 15 47 83 59 15 8 86 58 92 85 95 80 94 52 60 15 72 74 84 
53 36
98 12 78 18 4 76 18 5 32 14 61 20 36 74 31 23 64 26 90 63 49 26 19 51 92 31 45 89 82 6 63 25 15 54 17 1 44 74 6 84 57 78 54 93 49 30 8 9 11 97 82 14 11 
43 56
48 27 72 59 49 37 35 56 39 55 43 53 66 15 18 30 63 66 85 71 32 89 36 23 20 23 3 63 17 3 21 100 38 35 75 74 80 13 77 90 85 79 59 
