100
944 -600 592 816 768 108
-265 123 539 -361 -667 365
-945 706 670 946 -622 754
875 20 666 -46 115 -220
662 -68 -421 -99 662 -68
115 -888 23 174 -23 705
-224 14 273 -605 273 -605
-14 -667 412 537 -14 -667
-584 -733 711 -587 711 -587
-953 -275 -15 782 -417 329
-22 -441 -792 504 -484 126
551 230 -683 614 -683 614
-896 57 -568 451 -240 845
-638 850 652 -439 652 -439
54 -322 -148 -68 -249 59
413 263 -238 213 413 263
950 -129 -375 1000 950 -129
485 955 386 94 353 -193
184 387 -277 -943 184 387
521 -792 696 -314 871 164
165 -399 -349 652 -349 652
956 444 -617 -926 956 444
951 -592 -810 287 -223 -6
-864 -424 339 38 -864 -424
346 886 863 -86 863 -86
-748 434 153 -730 -748 434
883 -381 -748 509 -748 509
837 117 -463 911 -463 911
969 -370 -877 -758 969 -370
197 -537 857 -209 692 -291
322 -647 -359 -635 95 -643
-559 -891 552 467 552 467
-850 695 -931 -476 -850 695
-466 -420 328 772 -466 -420
254 358 340 991 168 -275
-203 478 -464 568 319 298
33 957 -156 -958 -156 -958
-875 461 -888 -510 -875 461
